questKey	id	status
string	string	int
301	301010,301020,301030,301040	1
302	302010,302020,302030,302040	1
303	303010,303020,303030,303040	1
304	304010,304020,304030,304040	1
305	305010,305020,305030,305040	1
306	306010,306020,306030,306040	1
307	307010,307020,307030,307040	1
308	308010,308020,308030,308040	1
309	309010,309020,309030,309040	1
310	310010,310020,310030,310040	1
311	311010,311020,311030,311040	1
312	312010,312020,312030,312040	1
313	313010,313020,313030,313040	1
314	314010,314020,314030,314040	1
315	315010,315020,315030,315040	1
316	316010,316020,316030,316040	1
317	317010,317020,317030,317040	1
