id	storyId	groupId	people	jumpId	choiceOneId	choiceTwoId	choiceThreeId	faceId	action	time	timeLine	music	sound	voice	voiceLady	end	status
int	int	int	int	int	int	int	int	int	int	int	int	int	int	int	int	int	int
1	1	1	1		2	7	15	200502	3					coffee_love_101008_01_01	coffee_love_101008_01_01		1
2	1	2	1	3					4					coffee_love_101008_01_02	coffee_love_101008_01_02		1
3	1	3	3	4													1
4	1	4	1	5				200201	3	4				coffee_love_101008_01_03	coffee_love_101008_01_03		1
5	1	5	3	6													1
6	1	6	1											coffee_love_101008_01_04	coffee_love_101008_01_04	1	1
7	1	7	1	8					4					coffee_love_101008_01_05	coffee_love_101008_01_05		1
8	1	8	3	9													1
9	1	9	1	10				200502	1					coffee_love_101008_01_06	coffee_love_101008_01_06		1
10	1	10	3	11													1
11	1	11	3	12													1
12	1	12	1	13					3	6				coffee_love_101008_01_07	coffee_love_101008_01_07		1
13	1	13	3	14													1
14	1	14	1											coffee_love_101008_01_08	coffee_love_101008_01_08	1	1
15	1	15	1	16				200502	1	3				coffee_love_101008_01_09	coffee_love_101008_01_09		1
16	1	16	3	17													1
17	1	17	3	18													1
18	1	18	1	19										coffee_love_101008_01_10	coffee_love_101008_01_10		1
19	1	19	3	20													1
20	1	20	1	21					1					coffee_love_101008_01_11	coffee_love_101008_01_11		1
21	1	21	3	22													1
22	1	22	1	23					3					coffee_love_101008_01_12	coffee_love_101008_01_12		1
23	1	23	3	24													1
24	1	24	1	25					2	9				coffee_love_101008_01_13	coffee_love_101008_01_13		1
25	1	25	3													1	1
26	1	26	1						1					coffee_love_101008_01_14	coffee_love_101008_01_14		1
27	2	1	1		2	11	24	200502	1					coffee_love_101008_02_01	coffee_love_101008_02_01		1
28	2	2	1	3					3					coffee_love_101008_02_02	coffee_love_101008_02_02		1
29	2	3	3	4													1
30	2	4	1	5				200502	1					coffee_love_101008_02_03	coffee_love_101008_02_03		1
31	2	5	3	6													1
32	2	6	3	7													1
33	2	7	1	8				200101	1					coffee_love_101008_02_04	coffee_love_101008_02_04		1
34	2	8	3	9													1
35	2	9	1	10				201301	4					coffee_love_101008_02_05	coffee_love_101008_02_05		1
36	2	10	3	36													1
37	2	11	1	12					1					coffee_love_101008_02_06	coffee_love_101008_02_06		1
38	2	12	3	13													1
39	2	13	1	14					3					coffee_love_101008_02_07	coffee_love_101008_02_07		1
40	2	14	3	15													1
41	2	15	1	16				200601	1	4				coffee_love_101008_02_08	coffee_love_101008_02_08		1
42	2	16	3	17													1
43	2	17	1	18					4					coffee_love_101008_02_09	coffee_love_101008_02_09		1
44	2	18	1	19					4					coffee_love_101008_02_10	coffee_love_101008_02_10		1
45	2	19	3	20													1
46	2	20	1	21				200101	3					coffee_love_101008_02_11	coffee_love_101008_02_11		1
47	2	21	3	22													1
48	2	22	1	23				201001	2					coffee_love_101008_02_12	coffee_love_101008_02_12		1
49	2	23	3	36													1
50	2	24	1	25				200502	1					coffee_love_101008_02_13	coffee_love_101008_02_13		1
51	2	25	3	26													1
52	2	26	3	27													1
53	2	27	1	28				201301	1					coffee_love_101008_02_14	coffee_love_101008_02_14		1
54	2	28	3	29													1
55	2	29	1	30					5					coffee_love_101008_02_15	coffee_love_101008_02_15		1
56	2	30	3	31													1
57	2	31	1	32					4	7				coffee_love_101008_02_16	coffee_love_101008_02_16		1
58	2	32	3	33													1
59	2	33	3	34													1
60	2	34	1	35				200601	5					coffee_love_101008_02_17	coffee_love_101008_02_17		1
61	2	35	3	36													1
62	2	36	1					200902	1					coffee_love_101008_02_18	coffee_love_101008_02_18	1	1
63	3	1	1		2	18	37	200202	4					coffee_love_101008_03_01	coffee_love_101008_03_01		1
64	3	2	1	3					4					coffee_love_101008_03_02	coffee_love_101008_03_02		1
65	3	3	3	4													1
66	3	4	1	5				200601	1					coffee_love_101008_03_03	coffee_love_101008_03_03		1
67	3	5	3	6													1
68	3	6	1	7				200601	1					coffee_love_101008_03_04	coffee_love_101008_03_04		1
69	3	7	3	8													1
70	3	8	1	9				200601	1					coffee_love_101008_03_05	coffee_love_101008_03_05		1
71	3	9	3	10													1
72	3	10	1	11				200601	1					coffee_love_101008_03_24	coffee_love_101008_03_24		1
73	3	11	3	12													1
74	3	12	1	13				200601	3					coffee_love_101008_03_06	coffee_love_101008_03_06		1
75	3	13	3	14													1
76	3	14	1	15				200502	1					coffee_love_101008_03_07	coffee_love_101008_03_07		1
77	3	15	3	16													1
78	3	16	1	17				200801	1					coffee_love_101008_03_08	coffee_love_101008_03_08		1
79	3	17	3	47													1
80	3	18	1	19				200601	3	5				coffee_love_101008_03_09	coffee_love_101008_03_09		1
81	3	19	3	20													1
82	3	20	1	21					5	4				coffee_love_101008_03_10	coffee_love_101008_03_10		1
83	3	21	3	22													1
84	3	22	3	23													1
85	3	23	1	24										coffee_love_101008_03_11	coffee_love_101008_03_11		1
86	3	24	3	25													1
87	3	25	1	26					4					coffee_love_101008_03_12	coffee_love_101008_03_12		1
88	3	26	1	27					3					coffee_love_101008_03_13	coffee_love_101008_03_13		1
89	3	27	3	28													1
90	3	28	1	29					4					coffee_love_101008_03_14	coffee_love_101008_03_14		1
91	3	29	3	30													1
92	3	30	1	31				200601	4					coffee_love_101008_03_15	coffee_love_101008_03_15		1
93	3	31	1	32				200601	4					coffee_love_101008_03_16	coffee_love_101008_03_16		1
94	3	32	3	33													1
95	3	33	3	34													1
96	3	34	3	35													1
97	3	35	1	36				200101	1					coffee_love_101008_03_17	coffee_love_101008_03_17		1
98	3	36	3	47													1
99	3	37	1	38					1					coffee_love_101008_03_18	coffee_love_101008_03_18		1
100	3	38	3	39													1
101	3	39	1	40					3					coffee_love_101008_03_19	coffee_love_101008_03_19		1
102	3	40	3	41													1
103	3	41	1	42				200502	1					coffee_love_101008_03_20	coffee_love_101008_03_20		1
104	3	42	3	43													1
105	3	43	1	44				200502	4					coffee_love_101008_03_21	coffee_love_101008_03_21		1
106	3	44	3	45													1
107	3	45	1	46				200101	3	4				coffee_love_101008_03_22	coffee_love_101008_03_22		1
108	3	46	3	47													1
109	3	47	1					200902	1					coffee_love_101008_03_23	coffee_love_101008_03_23	1	1
110	4	1	1		2	8	25	201301	1					coffee_love_101008_04_01	coffee_love_101008_04_01		1
111	4	2	1	3					1					coffee_love_101008_04_02	coffee_love_101008_04_02		1
112	4	3	1	4					1					coffee_love_101008_04_03	coffee_love_101008_04_03		1
113	4	4	1	5					1					coffee_love_101008_04_04	coffee_love_101008_04_04		1
114	4	5	1	6				201001	1					coffee_love_101008_04_05	coffee_love_101008_04_05		1
115	4	6	3	7													1
116	4	7	1	42					1					coffee_love_101008_04_06	coffee_love_101008_04_06		1
117	4	8	1	9					3					coffee_love_101008_04_07	coffee_love_101008_04_07		1
118	4	9	3	10													1
119	4	10	1	11				200101	4					coffee_love_101008_04_08	coffee_love_101008_04_08		1
120	4	11	1	12				200101	4					coffee_love_101008_04_09	coffee_love_101008_04_09		1
121	4	12	3	13													1
122	4	13	1	14					3					coffee_love_101008_04_10	coffee_love_101008_04_10		1
123	4	14	3	15													1
124	4	15	1	16				201001	1					coffee_love_101008_04_11	coffee_love_101008_04_11		1
125	4	16	3	17													1
126	4	17	1	18					1					coffee_love_101008_04_12	coffee_love_101008_04_12		1
127	4	18	3	19													1
128	4	19	3	20													1
129	4	20	1	21										coffee_love_101008_04_13	coffee_love_101008_04_13		1
130	4	21	3	22													1
131	4	22	1	23										coffee_love_101008_04_14	coffee_love_101008_04_14		1
132	4	23	3	24													1
133	4	24	1	42										coffee_love_101008_04_15	coffee_love_101008_04_15		1
134	4	25	1	26					1					coffee_love_101008_04_16	coffee_love_101008_04_16		1
135	4	26	1	27					1					coffee_love_101008_04_17	coffee_love_101008_04_17		1
136	4	27	1	28					1					coffee_love_101008_04_18	coffee_love_101008_04_18		1
137	4	28	3	29													1
138	4	29	1	30				201001	1					coffee_love_101008_04_19	coffee_love_101008_04_19		1
139	4	30	3	31													1
140	4	31	3	32													1
141	4	32	1	33					2					coffee_love_101008_04_20	coffee_love_101008_04_20		1
142	4	33	3	34													1
143	4	34	1	35					1					coffee_love_101008_04_21	coffee_love_101008_04_21		1
144	4	35	3	36													1
145	4	36	1	37					1					coffee_love_101008_04_22	coffee_love_101008_04_22		1
146	4	37	3	38													1
147	4	38	3	39													1
148	4	39	1	40					3					coffee_love_101008_04_23	coffee_love_101008_04_23		1
149	4	40	3	41													1
150	4	41	1	42					1					coffee_love_101008_04_24	coffee_love_101008_04_24		1
151	4	42	1					200901	1					coffee_love_101008_04_25	coffee_love_101008_04_25	1	1
152	5	1	1		2	12	23		1					coffee_love_102008_01_01	coffee_love_102008_01_01		1
153	5	2	1	3					3	6				coffee_love_102008_01_02	coffee_love_102008_01_02		1
154	5	3	3	4													1
155	5	4	1	5										coffee_love_102008_01_03	coffee_love_102008_01_03		1
156	5	5	3	6													1
157	5	6	1	7				201401	4					coffee_love_102008_01_04	coffee_love_102008_01_04		1
158	5	7	3	8													1
159	5	8	1	9					5					coffee_love_102008_01_05	coffee_love_102008_01_05		1
160	5	9	3	10													1
161	5	10	1	11				200302	5					coffee_love_102008_01_06	coffee_love_102008_01_06		1
162	5	11	3	31													1
163	5	12	1	13				200701	5					coffee_love_102008_01_07	coffee_love_102008_01_07		1
164	5	13	3	14													1
165	5	14	3	15													1
166	5	15	1	16				200501	1					coffee_love_102008_01_08	coffee_love_102008_01_08		1
167	5	16	3	17													1
168	5	17	1	18				200701	5					coffee_love_102008_01_09	coffee_love_102008_01_09		1
169	5	18	1	19					5					coffee_love_102008_01_10	coffee_love_102008_01_10		1
170	5	19	3	20													1
171	5	20	1	21				200302	5					coffee_love_102008_01_11	coffee_love_102008_01_11		1
172	5	21	1	22				200101	5					coffee_love_102008_01_12	coffee_love_102008_01_12		1
173	5	22	3	31													1
174	5	23	1	24					3	4				coffee_love_102008_01_13	coffee_love_102008_01_13		1
175	5	24	3	25													1
176	5	25	1	26				201401	5					coffee_love_102008_01_14	coffee_love_102008_01_14		1
177	5	26	3	27													1
178	5	27	1	28				200701	5					coffee_love_102008_01_15	coffee_love_102008_01_15		1
179	5	28	3	29													1
180	5	29	1	30				200302	5					coffee_love_102008_01_16	coffee_love_102008_01_16		1
181	5	30	3	31													1
182	5	31	1					201301	3					coffee_love_102008_01_17	coffee_love_102008_01_17	1	1
183	6	1	1		2	14	28		3					coffee_love_102008_02_01	coffee_love_102008_02_01		1
184	6	2	1	3				200701	5					coffee_love_102008_02_02	coffee_love_102008_02_02		1
185	6	3	3	4													1
186	6	4	1	5				200302	5					coffee_love_102008_02_03	coffee_love_102008_02_03		1
187	6	5	1	6					5					coffee_love_102008_02_04	coffee_love_102008_02_04		1
188	6	6	3	7													1
189	6	7	1	8				200801	1					coffee_love_102008_02_05	coffee_love_102008_02_05		1
190	6	8	1	9				200601	5					coffee_love_102008_02_06	coffee_love_102008_02_06		1
191	6	9	3	10													1
192	6	10	1	11				201401	5					coffee_love_102008_02_07	coffee_love_102008_02_07		1
193	6	11	3	12													1
194	6	12	1	13				200401	1					coffee_love_102008_02_08	coffee_love_102008_02_08		1
195	6	13	3	42													1
196	6	14	1	15				200101	4					coffee_love_102008_02_09	coffee_love_102008_02_09		1
197	6	15	3	16													1
198	6	16	1	17				200601	4					coffee_love_102008_02_10	coffee_love_102008_02_10		1
199	6	17	3	18													1
200	6	18	1	19				200601	5					coffee_love_102008_02_11	coffee_love_102008_02_11		1
201	6	19	3	20													1
202	6	20	1	21				200601	5					coffee_love_102008_02_12	coffee_love_102008_02_12		1
203	6	21	3	22													1
204	6	22	1	23				200801	1					coffee_love_102008_02_13	coffee_love_102008_02_13		1
205	6	23	3	24													1
206	6	24	1	25					5					coffee_love_102008_02_14	coffee_love_102008_02_14		1
207	6	25	1	26				200601	5					coffee_love_102008_02_15	coffee_love_102008_02_15		1
208	6	26	1	27				200101	5					coffee_love_102008_02_16	coffee_love_102008_02_16		1
209	6	27	3	42													1
210	6	28	1	29				200302	5					coffee_love_102008_02_17	coffee_love_102008_02_17		1
211	6	29	3	30													1
212	6	30	1	31				200301	5					coffee_love_102008_02_18	coffee_love_102008_02_18		1
213	6	31	3	32													1
214	6	32	1	33					5					coffee_love_102008_02_19	coffee_love_102008_02_19		1
215	6	33	3	34													1
216	6	34	1	35					1					coffee_love_102008_02_20	coffee_love_102008_02_20		1
217	6	35	3	36													1
218	6	36	1	37				200404	5					coffee_love_102008_02_21	coffee_love_102008_02_21		1
219	6	37	1	38				200801	1					coffee_love_102008_02_22	coffee_love_102008_02_22		1
220	6	38	1	39				200401	5					coffee_love_102008_02_23	coffee_love_102008_02_23		1
221	6	39	3	40													1
222	6	40	1	41				200103	5					coffee_love_102008_02_24	coffee_love_102008_02_24		1
223	6	41	3	42													1
224	6	42	1					200103	1					coffee_love_102008_02_25	coffee_love_102008_02_25	1	1
225	7	1	1		2	19	32	200602	5					coffee_love_102008_03_01	coffee_love_102008_03_01		1
226	7	2	3	3													1
227	7	3	1	4				200101	2					coffee_love_102008_03_02	coffee_love_102008_03_02		1
228	7	4	3	5													1
229	7	5	3	6													1
230	7	6	1	7				200501	1					coffee_love_102008_03_03	coffee_love_102008_03_03		1
231	7	7	3	8													1
232	7	8	1	9				200103	1					coffee_love_102008_03_04	coffee_love_102008_03_04		1
233	7	9	1	10				200602	5					coffee_love_102008_03_05	coffee_love_102008_03_05		1
234	7	10	3	11													1
235	7	11	1	12					5					coffee_love_102008_03_06	coffee_love_102008_03_06		1
236	7	12	3	13													1
237	7	13	1	14				200701	5					coffee_love_102008_03_07	coffee_love_102008_03_07		1
238	7	14	1	15				200301	5					coffee_love_102008_03_08	coffee_love_102008_03_08		1
239	7	15	3	16													1
240	7	16	1	17				200601	4	5				coffee_love_102008_03_09	coffee_love_102008_03_09		1
241	7	17	1	18										coffee_love_102008_03_10	coffee_love_102008_03_10		1
242	7	18	1	49										coffee_love_102008_03_11	coffee_love_102008_03_11		1
243	7	19	3	20													1
244	7	20	1	21				200602	5					coffee_love_102008_03_12	coffee_love_102008_03_12		1
245	7	21	1	22				201401	5	6				coffee_love_102008_03_13	coffee_love_102008_03_13		1
246	7	22	3	23													1
247	7	23	3	24													1
248	7	24	1	25				201401	5					coffee_love_102008_03_14	coffee_love_102008_03_14		1
249	7	25	3	26													1
250	7	26	1	27				201401	5					coffee_love_102008_03_15	coffee_love_102008_03_15		1
251	7	27	3	28													1
252	7	28	1	29				201301	4					coffee_love_102008_03_16	coffee_love_102008_03_16		1
253	7	29	1	30				200101	4					coffee_love_102008_03_17	coffee_love_102008_03_17		1
254	7	30	3	31													1
255	7	31	1	49				200901	5					coffee_love_102008_03_18	coffee_love_102008_03_18		1
256	7	32	1	33										coffee_love_102008_03_19	coffee_love_102008_03_19		1
257	7	33	3	34													1
258	7	34	1	35				201401	3					coffee_love_102008_03_20	coffee_love_102008_03_20		1
259	7	35	1	36				200602	4					coffee_love_102008_03_21	coffee_love_102008_03_21		1
260	7	36	1	37				200602	4	5				coffee_love_102008_03_22	coffee_love_102008_03_22		1
261	7	37	3	38													1
262	7	38	1	39										coffee_love_102008_03_23	coffee_love_102008_03_23		1
263	7	39	3	40													1
264	7	40	3	41													1
265	7	41	3	42													1
266	7	42	1	43				200101	5					coffee_love_102008_03_24	coffee_love_102008_03_24		1
267	7	43	3	44													1
268	7	44	1	45				200201	1					coffee_love_102008_03_25	coffee_love_102008_03_25		1
269	7	45	1	46				200101	5					coffee_love_102008_03_26	coffee_love_102008_03_26		1
270	7	46	3	47													1
271	7	47	1	48				200404	1					coffee_love_102008_03_27	coffee_love_102008_03_27		1
272	7	48	3	49													1
273	7	49	1					200103	1					coffee_love_102008_03_28	coffee_love_102008_03_28	1	1
274	8	1	1		2	23	41	200103	1	5				coffee_love_102008_04_01	coffee_love_102008_04_01		1
275	8	2	1	3				200701	5					coffee_love_102008_04_02	coffee_love_102008_04_02		1
276	8	3	3	4													1
277	8	4	1	5					5					coffee_love_102008_04_03	coffee_love_102008_04_03		1
278	8	5	3	6													1
279	8	6	1	7					3					coffee_love_102008_04_04	coffee_love_102008_04_04		1
280	8	7	3	8													1
281	8	8	1	9				200701	5					coffee_love_102008_04_05	coffee_love_102008_04_05		1
282	8	9	3	10													1
283	8	10	1	11					5					coffee_love_102008_04_06	coffee_love_102008_04_06		1
284	8	11	1	12					5					coffee_love_102008_04_07	coffee_love_102008_04_07		1
285	8	12	3	13													1
286	8	13	1	14				200401	5					coffee_love_102008_04_08	coffee_love_102008_04_08		1
287	8	14	1	15				200401	5					coffee_love_102008_04_09	coffee_love_102008_04_09		1
288	8	15	3	16													1
289	8	16	3	17													1
290	8	17	1	18				200401	5					coffee_love_102008_04_10	coffee_love_102008_04_10		1
291	8	18	3	19													1
292	8	19	3	20													1
293	8	20	1	21				200101	2					coffee_love_102008_04_11	coffee_love_102008_04_11		1
294	8	21	3	22													1
295	8	22	1	57				200103	1					coffee_love_102008_04_12	coffee_love_102008_04_12		1
296	8	23	1	24				201401	5					coffee_love_102008_04_13	coffee_love_102008_04_13		1
297	8	24	3	25													1
298	8	25	1	26				201401	4					coffee_love_102008_04_14	coffee_love_102008_04_14		1
299	8	26	3	27													1
300	8	27	3	28													1
301	8	28	1	29				200702	5					coffee_love_102008_04_15	coffee_love_102008_04_15		1
302	8	29	1	30				200603	5					coffee_love_102008_04_16	coffee_love_102008_04_16		1
303	8	30	3	31													1
304	8	31	1	32				200801	1					coffee_love_102008_04_17	coffee_love_102008_04_17		1
305	8	32	1	33				200601	5					coffee_love_102008_04_18	coffee_love_102008_04_18		1
306	8	33	3	34													1
307	8	34	1	35				200501	1					coffee_love_102008_04_19	coffee_love_102008_04_19		1
308	8	35	3	36													1
309	8	36	1	37				200201	1					coffee_love_102008_04_20	coffee_love_102008_04_20		1
310	8	37	3	38													1
311	8	38	1	39				200404	5					coffee_love_102008_04_21	coffee_love_102008_04_21		1
312	8	39	3	40													1
313	8	40	3	57													1
314	8	41	3	42													1
315	8	42	1	43				200601	5					coffee_love_102008_04_22	coffee_love_102008_04_22		1
316	8	43	3	44													1
317	8	44	1	45				200601	5					coffee_love_102008_04_23	coffee_love_102008_04_23		1
318	8	45	3	46													1
319	8	46	1	47				200601	5					coffee_love_102008_04_24	coffee_love_102008_04_24		1
320	8	47	3	48													1
321	8	48	1	49				200404	1					coffee_love_102008_04_25	coffee_love_102008_04_25		1
322	8	49	3	50													1
323	8	50	1	51				200404	5					coffee_love_102008_04_26	coffee_love_102008_04_26		1
324	8	51	1	52				200404	5					coffee_love_102008_04_27	coffee_love_102008_04_27		1
325	8	52	1	53				200404	5					coffee_love_102008_04_28	coffee_love_102008_04_28		1
326	8	53	3	54													1
327	8	54	3	55													1
328	8	55	3	56													1
329	8	56	3	57													1
330	8	57	1	58				200401	1					coffee_love_102008_04_29	coffee_love_102008_04_29		1
331	8	58	3	59													1
332	8	59	1					200801	5					coffee_love_102008_04_30	coffee_love_102008_04_30	1	1
333	9	1	1		2	14	29							coffee_love_103008_01_01	coffee_love_103008_01_01		1
334	9	2	1	3				201301	1	6				coffee_love_103008_01_02	coffee_love_103008_01_02		1
335	9	3	3	4													1
336	9	4	1	5					4					coffee_love_103008_01_03	coffee_love_103008_01_03		1
337	9	5	3	6													1
338	9	6	1	7				200601	4					coffee_love_103008_01_04	coffee_love_103008_01_04		1
339	9	7	3	8													1
340	9	8	1	9				200501	1	4				coffee_love_103008_01_05	coffee_love_103008_01_05		1
341	9	9	1	10										coffee_love_103008_01_06	coffee_love_103008_01_06		1
342	9	10	3	11													1
343	9	11	1	12				200101	1					coffee_love_103008_01_07	coffee_love_103008_01_07		1
344	9	12	1	13				200601	1					coffee_love_103008_01_08	coffee_love_103008_01_08		1
345	9	13	3	45													1
346	9	14	1	15				200501	4	2				coffee_love_103008_01_09	coffee_love_103008_01_09		1
347	9	15	3	16													1
348	9	16	3	17													1
349	9	17	1	18				201001	1	5				coffee_love_103008_01_10	coffee_love_103008_01_10		1
350	9	18	3	19													1
351	9	19	1	20										coffee_love_103008_01_11	coffee_love_103008_01_11		1
352	9	20	1	21										coffee_love_103008_01_12	coffee_love_103008_01_12		1
353	9	21	1	22										coffee_love_103008_01_13	coffee_love_103008_01_13		1
354	9	22	3	23													1
355	9	23	1	24				200101	1					coffee_love_103008_01_14	coffee_love_103008_01_14		1
356	9	24	3	25													1
357	9	25	3	26													1
358	9	26	1	27				200101	1	6				coffee_love_103008_01_15	coffee_love_103008_01_15		1
359	9	27	3	28													1
360	9	28	1	45										coffee_love_103008_01_16	coffee_love_103008_01_16		1
361	9	29	1	30				200101	4					coffee_love_103008_01_17	coffee_love_103008_01_17		1
362	9	30	3	31													1
363	9	31	3	32													1
364	9	32	1	33				200101	1	6				coffee_love_103008_01_18	coffee_love_103008_01_18		1
365	9	33	3	34													1
366	9	34	3	35													1
367	9	35	1	36										coffee_love_103008_01_19	coffee_love_103008_01_19		1
368	9	36	3	37													1
369	9	37	1	38					4					coffee_love_103008_01_20	coffee_love_103008_01_20		1
370	9	38	3	39													1
371	9	39	3	40													1
372	9	40	1	41				200601	4					coffee_love_103008_01_21	coffee_love_103008_01_21		1
373	9	41	1	42				200601	4					coffee_love_103008_01_22	coffee_love_103008_01_22		1
374	9	42	3	43													1
375	9	43	1	44				201001	1					coffee_love_103008_01_23	coffee_love_103008_01_23		1
376	9	44	3	45													1
377	9	45	1					200101	1					coffee_love_103008_01_24	coffee_love_103008_01_24	1	1
378	10	1	1		2	22	39	200101	1					coffee_love_103008_02_01	coffee_love_103008_02_01		1
379	10	2	1	3				200601	1	7				coffee_love_103008_02_02	coffee_love_103008_02_02		1
380	10	3	3	4													1
381	10	4	1	5										coffee_love_103008_02_03	coffee_love_103008_02_03		1
382	10	5	1	6				200601	4					coffee_love_103008_02_04	coffee_love_103008_02_04		1
383	10	6	1	7				200601	4					coffee_love_103008_02_05	coffee_love_103008_02_05		1
384	10	7	3	8													1
385	10	8	3	9													1
386	10	9	1	10				200601	4					coffee_love_103008_02_06	coffee_love_103008_02_06		1
387	10	10	3	11													1
388	10	11	1	12				200601	1					coffee_love_103008_02_07	coffee_love_103008_02_07		1
389	10	12	3	13													1
390	10	13	3	14													1
391	10	14	1	15				200601	1	6				coffee_love_103008_02_08	coffee_love_103008_02_08		1
392	10	15	3	16													1
393	10	16	1	17										coffee_love_103008_02_09	coffee_love_103008_02_09		1
394	10	17	3	18													1
395	10	18	3	19													1
396	10	19	3	20													1
397	10	20	1	21				200101	1					coffee_love_103008_02_10	coffee_love_103008_02_10		1
398	10	21	3	60													1
399	10	22	1	23				200101	1	5				coffee_love_103008_02_11	coffee_love_103008_02_11		1
400	10	23	1	24										coffee_love_103008_02_12	coffee_love_103008_02_12		1
401	10	24	3	25													1
402	10	25	1	26					4					coffee_love_103008_02_13	coffee_love_103008_02_13		1
403	10	26	3	27													1
404	10	27	3	28													1
405	10	28	1	29				200501	4					coffee_love_103008_02_14	coffee_love_103008_02_14		1
406	10	29	1	30				200601	4					coffee_love_103008_02_15	coffee_love_103008_02_15		1
407	10	30	1	31				200501	3					coffee_love_103008_02_16	coffee_love_103008_02_16		1
408	10	31	1	32				200501	3	5				coffee_love_103008_02_17	coffee_love_103008_02_17		1
409	10	32	3	33													1
410	10	33	1	34				200601	1					coffee_love_103008_02_18	coffee_love_103008_02_18		1
411	10	34	1	35				200601	1					coffee_love_103008_02_19	coffee_love_103008_02_19		1
412	10	35	3	36													1
413	10	36	1	37				200101	4					coffee_love_103008_02_20	coffee_love_103008_02_20		1
414	10	37	3	38													1
415	10	38	1	60				201301	1					coffee_love_103008_02_21	coffee_love_103008_02_21		1
416	10	39	1	40				200101	1	5				coffee_love_103008_02_22	coffee_love_103008_02_22		1
417	10	40	3	41													1
418	10	41	1	42										coffee_love_103008_02_23	coffee_love_103008_02_23		1
419	10	42	1	43										coffee_love_103008_02_24	coffee_love_103008_02_24		1
420	10	43	3	44													1
421	10	44	1	45				200601	4					coffee_love_103008_02_25	coffee_love_103008_02_25		1
422	10	45	3	46													1
423	10	46	1	47				200601	4					coffee_love_103008_02_26	coffee_love_103008_02_26		1
424	10	47	3	48													1
425	10	48	3	49													1
426	10	49	1	50				200101	1					coffee_love_103008_02_27	coffee_love_103008_02_27		1
427	10	50	3	51													1
428	10	51	1	52				200601	1					coffee_love_103008_02_28	coffee_love_103008_02_28		1
429	10	52	3	53													1
430	10	53	1	54				201001	1					coffee_love_103008_02_29	coffee_love_103008_02_29		1
431	10	54	3	55													1
432	10	55	1	56				200601	4					coffee_love_103008_02_30	coffee_love_103008_02_30		1
433	10	56	3	57													1
434	10	57	1	58				201001	4					coffee_love_103008_02_31	coffee_love_103008_02_31		1
435	10	58	1	59				200201	4					coffee_love_103008_02_32	coffee_love_103008_02_32		1
436	10	59	3	60													1
437	10	60	1	61				200101	1					coffee_love_103008_02_33	coffee_love_103008_02_33		1
438	10	61	3													1	1
439	11	1	1		2	22	36	200501	4					coffee_love_103008_03_01	coffee_love_103008_03_01		1
440	11	2	1	3				200101	1	5				coffee_love_103008_03_02	coffee_love_103008_03_02		1
441	11	3	3	4													1
442	11	4	1	5										coffee_love_103008_03_03	coffee_love_103008_03_03		1
443	11	5	3	6													1
444	11	6	3	7													1
445	11	7	1	8				200501	2	6				coffee_love_103008_03_04	coffee_love_103008_03_04		1
446	11	8	3	9													1
447	11	9	1	10										coffee_love_103008_03_05	coffee_love_103008_03_05		1
448	11	10	3	11													1
449	11	11	1	12				200601	4					coffee_love_103008_03_06	coffee_love_103008_03_06		1
450	11	12	1	13				200601	4					coffee_love_103008_03_07	coffee_love_103008_03_07		1
451	11	13	1	14				200601	4					coffee_love_103008_03_08	coffee_love_103008_03_08		1
452	11	14	1	15				201001	1	4				coffee_love_103008_03_09	coffee_love_103008_03_09		1
453	11	15	3	16													1
454	11	16	1	17										coffee_love_103008_03_10	coffee_love_103008_03_10		1
455	11	17	1	18				200101	1					coffee_love_103008_03_11	coffee_love_103008_03_11		1
456	11	18	1	19				200101	1					coffee_love_103008_03_12	coffee_love_103008_03_12		1
457	11	19	3	20													1
458	11	20	1	21				200101	1					coffee_love_103008_03_13	coffee_love_103008_03_13		1
459	11	21	3	57													1
460	11	22	1	23					4	6				coffee_love_103008_03_14	coffee_love_103008_03_14		1
461	11	23	3	24													1
462	11	24	1	25										coffee_love_103008_03_15	coffee_love_103008_03_15		1
463	11	25	3	26													1
464	11	26	1	27				200301	3					coffee_love_103008_03_16	coffee_love_103008_03_16		1
465	11	27	1	28				200301	3					coffee_love_103008_03_17	coffee_love_103008_03_17		1
466	11	28	1	29				200301	3					coffee_love_103008_03_18	coffee_love_103008_03_18		1
467	11	29	3	30													1
468	11	30	1	31				200301	3					coffee_love_103008_03_19	coffee_love_103008_03_19		1
469	11	31	1	32				200101	1					coffee_love_103008_03_20	coffee_love_103008_03_20		1
470	11	32	1	33				200101	1	5				coffee_love_103008_03_21	coffee_love_103008_03_21		1
471	11	33	3	34													1
472	11	34	1	35										coffee_love_103008_03_22	coffee_love_103008_03_22		1
473	11	35	3	57													1
474	11	36	1	37				200101	1					coffee_love_103008_03_23	coffee_love_103008_03_23		1
475	11	37	1	38				200101	1					coffee_love_103008_03_24	coffee_love_103008_03_24		1
476	11	38	1	39				201301	1					coffee_love_103008_03_25	coffee_love_103008_03_25		1
477	11	39	3	40													1
478	11	40	1	41				200101	3					coffee_love_103008_03_26	coffee_love_103008_03_26		1
479	11	41	1	42				200101	3	5				coffee_love_103008_03_27	coffee_love_103008_03_27		1
480	11	42	3	43													1
481	11	43	1	44										coffee_love_103008_03_28	coffee_love_103008_03_28		1
482	11	44	1	45										coffee_love_103008_03_29	coffee_love_103008_03_29		1
483	11	45	3	46													1
484	11	46	1	47										coffee_love_103008_03_30	coffee_love_103008_03_30		1
485	11	47	3	48													1
486	11	48	1	49					4					coffee_love_103008_03_31	coffee_love_103008_03_31		1
487	11	49	1	50				200601	4					coffee_love_103008_03_32	coffee_love_103008_03_32		1
488	11	50	1	51				200101	1					coffee_love_103008_03_33	coffee_love_103008_03_33		1
489	11	51	1	52				200101	1					coffee_love_103008_03_34	coffee_love_103008_03_34		1
490	11	52	3	53													1
491	11	53	1	54					4					coffee_love_103008_03_35	coffee_love_103008_03_35		1
492	11	54	1	55					4					coffee_love_103008_03_36	coffee_love_103008_03_36		1
493	11	55	3	56													1
494	11	56	1	57				200101	1					coffee_love_103008_03_37	coffee_love_103008_03_37		1
495	11	57	1					200901	1					coffee_love_103008_03_38	coffee_love_103008_03_38	1	1
496	12	1	1		2	15	23	200101	1					coffee_love_103008_04_01	coffee_love_103008_04_01		1
497	12	2	3	3													1
498	12	3	1	4				200101	3					coffee_love_103008_04_02	coffee_love_103008_04_02		1
499	12	4	1	5				200101	3	5				coffee_love_103008_04_03	coffee_love_103008_04_03		1
500	12	5	3	6													1
501	12	6	1	7					1	4				coffee_love_103008_04_04	coffee_love_103008_04_04		1
502	12	7	3	8													1
503	12	8	1	9				200501	1					coffee_love_103008_04_05	coffee_love_103008_04_05		1
504	12	9	1	10				200501	1					coffee_love_103008_04_06	coffee_love_103008_04_06		1
505	12	10	3	11													1
506	12	11	1	12				200101	1					coffee_love_103008_04_07	coffee_love_103008_04_07		1
507	12	12	1	13				200101	1					coffee_love_103008_04_08	coffee_love_103008_04_08		1
508	12	13	1	14				200501	1					coffee_love_103008_04_09	coffee_love_103008_04_09		1
509	12	14	3	35													1
510	12	15	1	16				200101	1					coffee_love_103008_04_10	coffee_love_103008_04_10		1
511	12	16	3	17													1
512	12	17	1	18				200101	1	6				coffee_love_103008_04_11	coffee_love_103008_04_11		1
513	12	18	1	19										coffee_love_103008_04_12	coffee_love_103008_04_12		1
514	12	19	3	20													1
515	12	20	1	21				200101	3					coffee_love_103008_04_13	coffee_love_103008_04_13		1
516	12	21	1	22				200101	3					coffee_love_103008_04_14	coffee_love_103008_04_14		1
517	12	22	3	35													1
518	12	23	3	24													1
519	12	24	1	25				200601	4					coffee_love_103008_04_15	coffee_love_103008_04_15		1
520	12	25	3	26													1
521	12	26	1	27				200301	1					coffee_love_103008_04_16	coffee_love_103008_04_16		1
522	12	27	1	28				200101	1					coffee_love_103008_04_17	coffee_love_103008_04_17		1
523	12	28	3	29													1
524	12	29	3	30													1
525	12	30	3	31													1
526	12	31	1	32					4					coffee_love_103008_04_18	coffee_love_103008_04_18		1
527	12	32	3	33													1
528	12	33	3	34													1
529	12	34	1	35				200601	1					coffee_love_103008_04_19	coffee_love_103008_04_19		1
530	12	35	1					200901	1					coffee_love_103008_04_20	coffee_love_103008_04_20	1	1
531	13	1	1		2	21	34		3					coffee_love_104003_01_01	coffee_love_104003_01_01		1
532	13	2	1	3				200201	2	6				coffee_love_104003_01_02	coffee_love_104003_01_02		1
533	13	3	3	4													1
534	13	4	1	5					1					coffee_love_104003_01_03	coffee_love_104003_01_03		1
535	13	5	1	6				200501	3					coffee_love_104003_01_04	coffee_love_104003_01_04		1
536	13	6	3	7													1
537	13	7	1	8				200501	2	5				coffee_love_104003_01_05	coffee_love_104003_01_05		1
538	13	8	3	9													1
539	13	9	1	10				200101	1					coffee_love_104003_01_06	coffee_love_104003_01_06		1
540	13	10	3	11													1
541	13	11	1	12				200101	1					coffee_love_104003_01_07	coffee_love_104003_01_07		1
542	13	12	3	13													1
543	13	13	1	14				200501	3					coffee_love_104003_01_08	coffee_love_104003_01_08		1
544	13	14	3	15													1
545	13	15	3	16													1
546	13	16	1	17				200501	4					coffee_love_104003_01_09	coffee_love_104003_01_09		1
547	13	17	3	18													1
548	13	18	1	19				200501	1	5				coffee_love_104003_01_10	coffee_love_104003_01_10		1
549	13	19	3	20													1
550	13	20	1	50				201301	2					coffee_love_104003_01_11	coffee_love_104003_01_11		1
551	13	21	1	22				200501	2					coffee_love_104003_01_12	coffee_love_104003_01_12		1
552	13	22	3	23													1
553	13	23	1	24				200501	1					coffee_love_104003_01_13	coffee_love_104003_01_13		1
554	13	24	3	25													1
555	13	25	1	26				201001	4	7				coffee_love_104003_01_14	coffee_love_104003_01_14		1
556	13	26	3	27													1
557	13	27	1	28										coffee_love_104003_01_15	coffee_love_104003_01_15		1
558	13	28	3	29													1
559	13	29	1	30				200501	2					coffee_love_104003_01_16	coffee_love_104003_01_16		1
560	13	30	3	31													1
561	13	31	1	32				200501	3	3				coffee_love_104003_01_17	coffee_love_104003_01_17		1
562	13	32	3	33													1
563	13	33	1	50										coffee_love_104003_01_18	coffee_love_104003_01_18		1
564	13	34	1	35				200201	1					coffee_love_104003_01_19	coffee_love_104003_01_19		1
565	13	35	3	36													1
566	13	36	1	37				200501	2					coffee_love_104003_01_20	coffee_love_104003_01_20		1
567	13	37	1	38				200501	2					coffee_love_104003_01_21	coffee_love_104003_01_21		1
568	13	38	3	39													1
569	13	39	1	40				200501	2					coffee_love_104003_01_22	coffee_love_104003_01_22		1
570	13	40	1	41				200501	2	5				coffee_love_104003_01_23	coffee_love_104003_01_23		1
571	13	41	3	42													1
572	13	42	1	43										coffee_love_104003_01_24	coffee_love_104003_01_24		1
573	13	43	3	44													1
574	13	44	1	45					1					coffee_love_104003_01_25	coffee_love_104003_01_25		1
575	13	45	1	46					3					coffee_love_104003_01_26	coffee_love_104003_01_26		1
576	13	46	3	47													1
577	13	47	1	48				200501	4	5				coffee_love_104003_01_27	coffee_love_104003_01_27		1
578	13	48	3	49													1
579	13	49	1	50										coffee_love_104003_01_28	coffee_love_104003_01_28		1
580	13	50	1					200501	2					coffee_love_104003_01_29	coffee_love_104003_01_29	1	1
581	14	1	1		2	15	29	200201	2					coffee_love_104003_02_01	coffee_love_104003_02_01		1
582	14	2	1	3				200101	2					coffee_love_104003_02_02	coffee_love_104003_02_02		1
583	14	3	3	4													1
584	14	4	1	5				200501	2	5				coffee_love_104003_02_03	coffee_love_104003_02_03		1
585	14	5	3	6													1
586	14	6	1	7										coffee_love_104003_02_04	coffee_love_104003_02_04		1
587	14	7	3	8													1
588	14	8	3	9													1
589	14	9	1	10				200201	1					coffee_love_104003_02_05	coffee_love_104003_02_05		1
590	14	10	3	11													1
591	14	11	1	12					3					coffee_love_104003_02_06	coffee_love_104003_02_06		1
592	14	12	3	13													1
593	14	13	1	14				200501	2	5				coffee_love_104003_02_07	coffee_love_104003_02_07		1
594	14	14	3	43													1
595	14	15	1	16				200501	4					coffee_love_104003_02_08	coffee_love_104003_02_08		1
596	14	16	1	17				200501	4					coffee_love_104003_02_09	coffee_love_104003_02_09		1
597	14	17	3	18													1
598	14	18	1	19				200601	2					coffee_love_104003_02_10	coffee_love_104003_02_10		1
599	14	19	3	20													1
600	14	20	1	21				200401	2					coffee_love_104003_02_11	coffee_love_104003_02_11		1
601	14	21	3	22													1
602	14	22	1	23				200101	1					coffee_love_104003_02_12	coffee_love_104003_02_12		1
603	14	23	3	24													1
604	14	24	1	25				200501	1	5				coffee_love_104003_02_13	coffee_love_104003_02_13		1
605	14	25	3	26													1
606	14	26	1	27										coffee_love_104003_02_14	coffee_love_104003_02_14		1
607	14	27	3	28													1
608	14	28	1	43				200101	2					coffee_love_104003_02_15	coffee_love_104003_02_15		1
609	14	29	3	30													1
610	14	30	1	31				200101	2					coffee_love_104003_02_16	coffee_love_104003_02_16		1
611	14	31	3	32													1
612	14	32	3	33													1
613	14	33	3	34													1
614	14	34	1	35				200501	3					coffee_love_104003_02_17	coffee_love_104003_02_17		1
615	14	35	3	36													1
616	14	36	1	37				200501	2	5				coffee_love_104003_02_18	coffee_love_104003_02_18		1
617	14	37	3	38													1
618	14	38	1	39										coffee_love_104003_02_19	coffee_love_104003_02_19		1
619	14	39	3	40													1
620	14	40	3	41													1
621	14	41	1	42				200101	2					coffee_love_104003_02_20	coffee_love_104003_02_20		1
622	14	42	3	43													1
623	14	43	1					200501	3					coffee_love_104003_02_21	coffee_love_104003_02_21	1	1
624	15	1	1		2	28	50	200201	4					coffee_love_104003_03_01	coffee_love_104003_03_01		1
625	15	2	1	3					3					coffee_love_104003_03_02	coffee_love_104003_03_02		1
626	15	3	3	4													1
627	15	4	3	5													1
628	15	5	1	6				200501	2					coffee_love_104003_03_03	coffee_love_104003_03_03		1
629	15	6	3	7													1
630	15	7	1	8				200101	2					coffee_love_104003_03_04	coffee_love_104003_03_04		1
631	15	8	3	9													1
632	15	9	1	10				200501	2					coffee_love_104003_03_05	coffee_love_104003_03_05		1
633	15	10	3	11													1
634	15	11	1	12				201001	4					coffee_love_104003_03_06	coffee_love_104003_03_06		1
635	15	12	1	13				201001	4					coffee_love_104003_03_07	coffee_love_104003_03_07		1
636	15	13	1	14				201001	2					coffee_love_104003_03_08	coffee_love_104003_03_08		1
637	15	14	3	15													1
638	15	15	1	16				200501	2					coffee_love_104003_03_09	coffee_love_104003_03_09		1
639	15	16	3	17													1
640	15	17	1	18					2					coffee_love_104003_03_10	coffee_love_104003_03_10		1
641	15	18	3	19													1
642	15	19	3	20													1
643	15	20	1	21				200501	2	5				coffee_love_104003_03_11	coffee_love_104003_03_11		1
644	15	21	1	22										coffee_love_104003_03_12	coffee_love_104003_03_12		1
645	15	22	3	23													1
646	15	23	3	24													1
647	15	24	1	25				200201	1					coffee_love_104003_03_13	coffee_love_104003_03_13		1
648	15	25	3	26													1
649	15	26	1	27				200101	2					coffee_love_104003_03_14	coffee_love_104003_03_14		1
650	15	27	1	71				201001	2					coffee_love_104003_03_15	coffee_love_104003_03_15		1
651	15	28	1	29				200101	1					coffee_love_104003_03_16	coffee_love_104003_03_16		1
652	15	29	3	30													1
653	15	30	1	31				200101	2	5				coffee_love_104003_03_17	coffee_love_104003_03_17		1
654	15	31	1	32										coffee_love_104003_03_18	coffee_love_104003_03_18		1
655	15	32	3	33													1
656	15	33	1	34				200101	2					coffee_love_104003_03_19	coffee_love_104003_03_19		1
657	15	34	1	35				200101	2					coffee_love_104003_03_20	coffee_love_104003_03_20		1
658	15	35	3	36													1
659	15	36	1	37					2					coffee_love_104003_03_21	coffee_love_104003_03_21		1
660	15	37	1	38					2					coffee_love_104003_03_22	coffee_love_104003_03_22		1
661	15	38	1	39					2					coffee_love_104003_03_23	coffee_love_104003_03_23		1
662	15	39	1	40				200101	2					coffee_love_104003_03_24	coffee_love_104003_03_24		1
663	15	40	3	41													1
664	15	41	3	42													1
665	15	42	1	43				200101	4	6				coffee_love_104003_03_25	coffee_love_104003_03_25		1
666	15	43	1	44										coffee_love_104003_03_26	coffee_love_104003_03_26		1
667	15	44	3	45													1
668	15	45	3	46													1
669	15	46	1	47				200101	2					coffee_love_104003_03_27	coffee_love_104003_03_27		1
670	15	47	1	48				200501	2					coffee_love_104003_03_28	coffee_love_104003_03_28		1
671	15	48	3	49													1
672	15	49	1	71					1					coffee_love_104003_03_29	coffee_love_104003_03_29		1
673	15	50	1	51					3					coffee_love_104003_03_30	coffee_love_104003_03_30		1
674	15	51	3	52													1
675	15	52	1	53					4					coffee_love_104003_03_31	coffee_love_104003_03_31		1
676	15	53	3	54													1
677	15	54	1	55				201001	2					coffee_love_104003_03_32	coffee_love_104003_03_32		1
678	15	55	3	56													1
679	15	56	1	57				200101	2					coffee_love_104003_03_33	coffee_love_104003_03_33		1
680	15	57	3	58													1
681	15	58	3	59													1
682	15	59	1	60				200201	1					coffee_love_104003_03_34	coffee_love_104003_03_34		1
683	15	60	3	61													1
684	15	61	1	62				201301	2					coffee_love_104003_03_35	coffee_love_104003_03_35		1
685	15	62	3	63													1
686	15	63	1	64					2					coffee_love_104003_03_36	coffee_love_104003_03_36		1
687	15	64	3	65													1
688	15	65	1	66				200301	2					coffee_love_104003_03_37	coffee_love_104003_03_37		1
689	15	66	3	67													1
690	15	67	3	68													1
691	15	68	1	69				201301	2	5				coffee_love_104003_03_38	coffee_love_104003_03_38		1
692	15	69	3	70													1
693	15	70	1	71										coffee_love_104003_03_39	coffee_love_104003_03_39		1
694	15	71	1					200101	1					coffee_love_104003_03_40	coffee_love_104003_03_40	1	1
695	16	1	1		2	17	36	201301	2					coffee_love_104003_04_01	coffee_love_104003_04_01		1
696	16	2	1	3				200101	1	5				coffee_love_104003_04_02	coffee_love_104003_04_02		1
697	16	3	3	4													1
698	16	4	1	5										coffee_love_104003_04_03	coffee_love_104003_04_03		1
699	16	5	3	6													1
700	16	6	1	7				200101	3					coffee_love_104003_04_04	coffee_love_104003_04_04		1
701	16	7	1	8				200101	3					coffee_love_104003_04_05	coffee_love_104003_04_05		1
702	16	8	1	9				200101	3	5				coffee_love_104003_04_06	coffee_love_104003_04_06		1
703	16	9	3	10													1
704	16	10	1	11				201301	2	7				coffee_love_104003_04_07	coffee_love_104003_04_07		1
705	16	11	1	12										coffee_love_104003_04_08	coffee_love_104003_04_08		1
706	16	12	3	13													1
707	16	13	1	14										coffee_love_104003_04_09	coffee_love_104003_04_09		1
708	16	14	1	15										coffee_love_104003_04_10	coffee_love_104003_04_10		1
709	16	15	1	16										coffee_love_104003_04_11	coffee_love_104003_04_11		1
710	16	16	1	55				200101	4					coffee_love_104003_04_12	coffee_love_104003_04_12		1
711	16	17	3	18													1
712	16	18	1	19				200101	2					coffee_love_104003_04_13	coffee_love_104003_04_13		1
713	16	19	3	20													1
714	16	20	1	21				200501	2	5				coffee_love_104003_04_14	coffee_love_104003_04_14		1
715	16	21	3	22													1
716	16	22	3	23													1
717	16	23	1	24				200501	4					coffee_love_104003_04_15	coffee_love_104003_04_15		1
718	16	24	3	25													1
719	16	25	1	26					4	5				coffee_love_104003_04_16	coffee_love_104003_04_16		1
720	16	26	1	27										coffee_love_104003_04_17	coffee_love_104003_04_17		1
721	16	27	3	28													1
722	16	28	3	29													1
723	16	29	1	30				200501	2					coffee_love_104003_04_18	coffee_love_104003_04_18		1
724	16	30	3	31													1
725	16	31	1	32				200501	3					coffee_love_104003_04_19	coffee_love_104003_04_19		1
726	16	32	1	33					1					coffee_love_104003_04_20	coffee_love_104003_04_20		1
727	16	33	3	34													1
728	16	34	1	35					3					coffee_love_104003_04_21	coffee_love_104003_04_21		1
729	16	35	3	55													1
730	16	36	1	37					3					coffee_love_104003_04_22	coffee_love_104003_04_22		1
731	16	37	3	38													1
732	16	38	1	39					2					coffee_love_104003_04_23	coffee_love_104003_04_23		1
733	16	39	1	40					2					coffee_love_104003_04_24	coffee_love_104003_04_24		1
734	16	40	1	41					2					coffee_love_104003_04_25	coffee_love_104003_04_25		1
735	16	41	3	42													1
736	16	42	1	43				200501	4	6				coffee_love_104003_04_26	coffee_love_104003_04_26		1
737	16	43	3	44													1
738	16	44	3	45													1
739	16	45	1	46										coffee_love_104003_04_27	coffee_love_104003_04_27		1
740	16	46	1	47				200501	3					coffee_love_104003_04_28	coffee_love_104003_04_28		1
741	16	47	1	48				200501	3					coffee_love_104003_04_29	coffee_love_104003_04_29		1
742	16	48	1	49					2	5				coffee_love_104003_04_30	coffee_love_104003_04_30		1
743	16	49	3	50													1
744	16	50	3	51													1
745	16	51	1	52				200701	4	5				coffee_love_104003_04_31	coffee_love_104003_04_31		1
746	16	52	3	53													1
747	16	53	3	54													1
748	16	54	1	55										coffee_love_104003_04_32	coffee_love_104003_04_32		1
749	16	55	1					200501	4					coffee_love_104003_04_33	coffee_love_104003_04_33	1	1
750	17	1	1	2					2					coffee_love_105008_01_01	coffee_love_105008_01_01		1
751	17	2	1		3	18	33	200401	2					coffee_love_105008_01_02	coffee_love_105008_01_02		1
752	17	3	1	4				200201	4	6				coffee_love_105008_01_03	coffee_love_105008_01_03		1
753	17	4	3	5													1
754	17	5	1	6					4					coffee_love_105008_01_04	coffee_love_105008_01_04		1
755	17	6	3	7													1
756	17	7	1	8				201301	5	6				coffee_love_105008_01_05	coffee_love_105008_01_05		1
757	17	8	3	9													1
758	17	9	1	10										coffee_love_105008_01_06	coffee_love_105008_01_06		1
759	17	10	3	11													1
760	17	11	1	12				201001	2					coffee_love_105008_01_07	coffee_love_105008_01_07		1
761	17	12	3	13													1
762	17	13	1	14					5					coffee_love_105008_01_08	coffee_love_105008_01_08		1
763	17	14	3	15													1
764	17	15	1	16				200501	3	5				coffee_love_105008_01_09	coffee_love_105008_01_09		1
765	17	16	1	17										coffee_love_105008_01_10	coffee_love_105008_01_10		1
766	17	17	1	43										coffee_love_105008_01_11	coffee_love_105008_01_11		1
767	17	18	1	19				200501	2					coffee_love_105008_01_12	coffee_love_105008_01_12		1
768	17	19	1	20				200501	2	5				coffee_love_105008_01_13	coffee_love_105008_01_13		1
769	17	20	1	21										coffee_love_105008_01_14	coffee_love_105008_01_14		1
770	17	21	1	22				200101	4	5				coffee_love_105008_01_15	coffee_love_105008_01_15		1
771	17	22	3	23													1
772	17	23	1	24										coffee_love_105008_01_16	coffee_love_105008_01_16		1
773	17	24	3	25													1
774	17	25	1	26				200201	4					coffee_love_105008_01_17	coffee_love_105008_01_17		1
775	17	26	3	27													1
776	17	27	1	28					1	5				coffee_love_105008_01_18	coffee_love_105008_01_18		1
777	17	28	3	29													1
778	17	29	3	30													1
779	17	30	1	31										coffee_love_105008_01_19	coffee_love_105008_01_19		1
780	17	31	1	32				200201	4					coffee_love_105008_01_20	coffee_love_105008_01_20		1
781	17	32	1	43				200401	4					coffee_love_105008_01_21	coffee_love_105008_01_21		1
782	17	33	1	34					1					coffee_love_105008_01_22	coffee_love_105008_01_22		1
783	17	34	1	35					5					coffee_love_105008_01_23	coffee_love_105008_01_23		1
784	17	35	3	36													1
785	17	36	1	37				200601	5					coffee_love_105008_01_24	coffee_love_105008_01_24		1
786	17	37	3	38													1
787	17	38	3	39													1
788	17	39	1	40				200101	1					coffee_love_105008_01_25	coffee_love_105008_01_25		1
789	17	40	1	41				200101	1					coffee_love_105008_01_26	coffee_love_105008_01_26		1
790	17	41	3	42													1
791	17	42	1	43				200101	2					coffee_love_105008_01_27	coffee_love_105008_01_27		1
792	17	43	1						3					coffee_love_105008_01_28	coffee_love_105008_01_28	1	1
793	18	1	1	2										coffee_love_105008_02_01	coffee_love_105008_02_01		1
794	18	2	1		3	17	31		4					coffee_love_105008_02_02	coffee_love_105008_02_02		1
795	18	3	1	4				200101	3	6				coffee_love_105008_02_03	coffee_love_105008_02_03		1
796	18	4	1	5					2					coffee_love_105008_02_04	coffee_love_105008_02_04		1
797	18	5	3	6													1
798	18	6	1	7					4					coffee_love_105008_02_05	coffee_love_105008_02_05		1
799	18	7	3	8													1
800	18	8	1	9					5					coffee_love_105008_02_06	coffee_love_105008_02_06		1
801	18	9	3	10													1
802	18	10	1	11					2					coffee_love_105008_02_07	coffee_love_105008_02_07		1
803	18	11	1	12				201302	5	4				coffee_love_105008_02_08	coffee_love_105008_02_08		1
804	18	12	3	13													1
805	18	13	3	14													1
806	18	14	1	15				201001	5	5				coffee_love_105008_02_09	coffee_love_105008_02_09		1
807	18	15	3	16													1
808	18	16	1	52										coffee_love_105008_02_10	coffee_love_105008_02_10		1
809	18	17	3	18													1
810	18	18	1	19					4					coffee_love_105008_02_11	coffee_love_105008_02_11		1
811	18	19	1	20					4					coffee_love_105008_02_12	coffee_love_105008_02_12		1
812	18	20	1	21					4					coffee_love_105008_02_13	coffee_love_105008_02_13		1
813	18	21	1	22				201301	4					coffee_love_105008_02_14	coffee_love_105008_02_14		1
814	18	22	3	23													1
815	18	23	1	24					5					coffee_love_105008_02_15	coffee_love_105008_02_15		1
816	18	24	3	25													1
817	18	25	1	26				200401	4					coffee_love_105008_02_16	coffee_love_105008_02_16		1
818	18	26	1	27				200401	4					coffee_love_105008_02_17	coffee_love_105008_02_17		1
819	18	27	3	28													1
820	18	28	1	29				200101	2	6				coffee_love_105008_02_18	coffee_love_105008_02_18		1
821	18	29	1	30										coffee_love_105008_02_19	coffee_love_105008_02_19		1
822	18	30	3	52													1
823	18	31	1	32					5					coffee_love_105008_02_20	coffee_love_105008_02_20		1
824	18	32	1	33				200401	5					coffee_love_105008_02_21	coffee_love_105008_02_21		1
825	18	33	1	34				200101	2					coffee_love_105008_02_22	coffee_love_105008_02_22		1
826	18	34	1	35				200101	2	5				coffee_love_105008_02_23	coffee_love_105008_02_23		1
827	18	35	3	36													1
828	18	36	1	37										coffee_love_105008_02_24	coffee_love_105008_02_24		1
829	18	37	1	38										coffee_love_105008_02_25	coffee_love_105008_02_25		1
830	18	38	1	39										coffee_love_105008_02_26	coffee_love_105008_02_26		1
831	18	39	3	40													1
832	18	40	3	41													1
833	18	41	1	42					2					coffee_love_105008_02_27	coffee_love_105008_02_27		1
834	18	42	3	43													1
835	18	43	1	44					4					coffee_love_105008_02_28	coffee_love_105008_02_28		1
836	18	44	3	45													1
837	18	45	1	46					2					coffee_love_105008_02_29	coffee_love_105008_02_29		1
838	18	46	1	47					2					coffee_love_105008_02_30	coffee_love_105008_02_30		1
839	18	47	1	48					3					coffee_love_105008_02_31	coffee_love_105008_02_31		1
840	18	48	1	49					3					coffee_love_105008_02_32	coffee_love_105008_02_32		1
841	18	49	3	50													1
842	18	50	3	51													1
843	18	51	1	52					5	6				coffee_love_105008_02_33	coffee_love_105008_02_33		1
844	18	52	1											coffee_love_105008_02_34	coffee_love_105008_02_34	1	1
845	19	1	1	2				200101	1					coffee_love_105008_03_01	coffee_love_105008_03_01		1
846	19	2	1		3	15	25	200401	1					coffee_love_105008_03_02	coffee_love_105008_03_02		1
847	19	3	1	4					2					coffee_love_105008_03_03	coffee_love_105008_03_03		1
848	19	4	3	5													1
849	19	5	1	6					1					coffee_love_105008_03_04	coffee_love_105008_03_04		1
850	19	6	1	7					1	5				coffee_love_105008_03_05	coffee_love_105008_03_05		1
851	19	7	1	8										coffee_love_105008_03_06	coffee_love_105008_03_06		1
852	19	8	3	9													1
853	19	9	1	10				200801	2					coffee_love_105008_03_07	coffee_love_105008_03_07		1
854	19	10	1	11					1					coffee_love_105008_03_08	coffee_love_105008_03_08		1
855	19	11	3	12													1
856	19	12	3	13													1
857	19	13	1	14					2					coffee_love_105008_03_09	coffee_love_105008_03_09		1
858	19	14	1	38					2					coffee_love_105008_03_10	coffee_love_105008_03_10		1
859	19	15	1	16					4					coffee_love_105008_03_11	coffee_love_105008_03_11		1
860	19	16	1	17				200601	4					coffee_love_105008_03_12	coffee_love_105008_03_12		1
861	19	17	3	18													1
862	19	18	1	19				200601	4					coffee_love_105008_03_13	coffee_love_105008_03_13		1
863	19	19	3	20													1
864	19	20	3	21													1
865	19	21	1	22					1					coffee_love_105008_03_14	coffee_love_105008_03_14		1
866	19	22	1	23					1					coffee_love_105008_03_15	coffee_love_105008_03_15		1
867	19	23	3	24													1
868	19	24	1	38				201001	1					coffee_love_105008_03_16	coffee_love_105008_03_16		1
869	19	25	1	26				200101	2					coffee_love_105008_03_17	coffee_love_105008_03_17		1
870	19	26	1	27					2					coffee_love_105008_03_18	coffee_love_105008_03_18		1
871	19	27	3	28													1
872	19	28	1	29				200501	3					coffee_love_105008_03_19	coffee_love_105008_03_19		1
873	19	29	3	30													1
874	19	30	1	31				201001	5	5				coffee_love_105008_03_20	coffee_love_105008_03_20		1
875	19	31	3	32													1
876	19	32	1	33										coffee_love_105008_03_21	coffee_love_105008_03_21		1
877	19	33	3	34													1
878	19	34	1	35										coffee_love_105008_03_22	coffee_love_105008_03_22		1
879	19	35	1	36					4					coffee_love_105008_03_23	coffee_love_105008_03_23		1
880	19	36	3	37													1
881	19	37	1	38					1					coffee_love_105008_03_24	coffee_love_105008_03_24		1
882	19	38	1					200101	1					coffee_love_105008_03_25	coffee_love_105008_03_25	1	1
883	20	1	1	2				200501	2					coffee_love_105008_04_01	coffee_love_105008_04_01		1
884	20	2	1		3	12	23	201301	2	3				coffee_love_105008_04_02	coffee_love_105008_04_02		1
885	20	3	1	4					3					coffee_love_105008_04_03	coffee_love_105008_04_03		1
886	20	4	3	5													1
887	20	5	1	6				200501	3					coffee_love_105008_04_04	coffee_love_105008_04_04		1
888	20	6	3	7													1
889	20	7	1	8					2					coffee_love_105008_04_05	coffee_love_105008_04_05		1
890	20	8	3	9													1
891	20	9	1	10				200901	5					coffee_love_105008_04_06	coffee_love_105008_04_06		1
892	20	10	1	11				200901	5					coffee_love_105008_04_07	coffee_love_105008_04_07		1
893	20	11	1	33				200401	5					coffee_love_105008_04_08	coffee_love_105008_04_08		1
894	20	12	1	13				200301	1					coffee_love_105008_04_09	coffee_love_105008_04_09		1
895	20	13	3	14													1
896	20	14	1	15				200501	1					coffee_love_105008_04_10	coffee_love_105008_04_10		1
897	20	15	1	16					4					coffee_love_105008_04_11	coffee_love_105008_04_11		1
898	20	16	1	17					4					coffee_love_105008_04_12	coffee_love_105008_04_12		1
899	20	17	1	18				200601	3					coffee_love_105008_04_13	coffee_love_105008_04_13		1
900	20	18	1	19					5					coffee_love_105008_04_14	coffee_love_105008_04_14		1
901	20	19	3	20													1
902	20	20	1	21					1					coffee_love_105008_04_15	coffee_love_105008_04_15		1
903	20	21	3	22													1
904	20	22	1	33					3					coffee_love_105008_04_16	coffee_love_105008_04_16		1
905	20	23	1	24				200201	2					coffee_love_105008_04_17	coffee_love_105008_04_17		1
906	20	24	1	25					1					coffee_love_105008_04_18	coffee_love_105008_04_18		1
907	20	25	1	26				201301	4					coffee_love_105008_04_19	coffee_love_105008_04_19		1
908	20	26	1	27					3					coffee_love_105008_04_20	coffee_love_105008_04_20		1
909	20	27	3	28													1
910	20	28	1	29				201301	1					coffee_love_105008_04_21	coffee_love_105008_04_21		1
911	20	29	1	30				200401	5	5				coffee_love_105008_04_22	coffee_love_105008_04_22		1
912	20	30	3	31													1
913	20	31	1	32										coffee_love_105008_04_23	coffee_love_105008_04_23		1
914	20	32	1	33					3					coffee_love_105008_04_24	coffee_love_105008_04_24		1
915	20	33	1						1					coffee_love_105008_04_25	coffee_love_105008_04_25	1	1
916	21	1	1		2	8	16							coffee_love_106008_01_01	coffee_love_106008_01_17		1
917	21	2	1	3					1					coffee_love_106008_01_02	coffee_love_106008_01_18		1
918	21	3	3	4													1
919	21	4	1	5				200101	4					coffee_love_106008_01_03	coffee_love_106008_01_03		1
920	21	5	3	6													1
921	21	6	1	7				200102	1					coffee_love_106008_01_04	coffee_love_106008_01_19		1
922	21	7	3	26													1
923	21	8	1	9					2					coffee_love_106008_01_05	coffee_love_106008_01_05		1
924	21	9	3	10													1
925	21	10	1	11				200101	1					coffee_love_106008_01_06	coffee_love_106008_01_06		1
926	21	11	1	12				200101	1					coffee_love_106008_01_07	coffee_love_106008_01_07		1
927	21	12	3	13													1
928	21	13	1	14				200102	1					coffee_love_106008_01_08	coffee_love_106008_01_08		1
929	21	14	3	15													1
930	21	15	1	26					3					coffee_love_106008_01_09	coffee_love_106008_01_20		1
931	21	16	1	17				200601	5					coffee_love_106008_01_10	coffee_love_106008_01_21		1
932	21	17	3	18													1
933	21	18	1	19				200601	5					coffee_love_106008_01_11	coffee_love_106008_01_11		1
934	21	19	3	20													1
935	21	20	1	21				200301	1					coffee_love_106008_01_12	coffee_love_106008_01_12		1
936	21	21	3	22													1
937	21	22	1	23					2					coffee_love_106008_01_13	coffee_love_106008_01_13		1
938	21	23	3	24													1
939	21	24	1	25				200101	2	5				coffee_love_106008_01_14	coffee_love_106008_01_22		1
940	21	25	1	26										coffee_love_106008_01_15	coffee_love_106008_01_23		1
941	21	26	1					200102	3					coffee_love_106008_01_16	coffee_love_106008_01_16	1	1
942	22	1	1		2	11		200102	3					coffee_love_106008_02_01	coffee_love_106008_02_01		1
943	22	2	1	3					1					coffee_love_106008_02_02	coffee_love_106008_02_02		1
944	22	3	1	4					1					coffee_love_106008_02_03	coffee_love_106008_02_17		1
945	22	4	3	5													1
946	22	5	1	6					4					coffee_love_106008_02_04	coffee_love_106008_02_04		1
947	22	6	1	7				200101	4					coffee_love_106008_02_05	coffee_love_106008_02_05		1
948	22	7	3	8													1
949	22	8	1	9				200402	2					coffee_love_106008_02_06	coffee_love_106008_02_18		1
950	22	9	3	10													1
951	22	10	1	25				200501	2					coffee_love_106008_02_07	coffee_love_106008_02_07		1
952	22	11	1	12				200501	2					coffee_love_106008_02_08	coffee_love_106008_02_08		1
953	22	12	3	13													1
954	22	13	1	14					2	5				coffee_love_106008_02_09	coffee_love_106008_02_19		1
955	22	14	1	15										coffee_love_106008_02_10	coffee_love_106008_02_20		1
956	22	15	1	16										coffee_love_106008_02_11	coffee_love_106008_02_21		1
957	22	16	3	17													1
958	22	17	1	18				200102	3					coffee_love_106008_02_12	coffee_love_106008_02_22		1
959	22	18	3	19													1
960	22	19	1	20					2					coffee_love_106008_02_13	coffee_love_106008_02_23		1
961	22	20	3	21													1
962	22	21	1	22					3					coffee_love_106008_02_14	coffee_love_106008_02_14		1
963	22	22	1	23					5					coffee_love_106008_02_15	coffee_love_106008_02_15		1
964	22	23	3	24													1
965	22	24	3	25													1
966	22	25	1					200102	1					coffee_love_106008_02_16	coffee_love_106008_02_24	1	1
967	23	1	1		2	10	19	200501	4	5				coffee_love_106008_03_01	coffee_love_106008_03_01		1
968	23	2	1	3										coffee_love_106008_03_02	coffee_love_106008_03_02		1
969	23	3	3	4													1
970	23	4	1	5				200101	1					coffee_love_106008_03_03	coffee_love_106008_03_03		1
971	23	5	1	6				200102	1					coffee_love_106008_03_04	coffee_love_106008_03_04		1
972	23	6	3	7													1
973	23	7	1	8					3					coffee_love_106008_03_05	coffee_love_106008_03_05		1
974	23	8	3	9													1
975	23	9	1	30				200102	3	4				coffee_love_106008_03_06	coffee_love_106008_03_24		1
976	23	10	1	11				200102	4					coffee_love_106008_03_07	coffee_love_106008_03_07		1
977	23	11	3	12													1
978	23	12	1	13				200801	1					coffee_love_106008_03_08	coffee_love_106008_03_08		1
979	23	13	3	14													1
980	23	14	1	15				200701	1					coffee_love_106008_03_09	coffee_love_106008_03_09		1
981	23	15	3	16													1
982	23	16	1	17				200801	1					coffee_love_106008_03_10	coffee_love_106008_03_10		1
983	23	17	1	18				200801	1					coffee_love_106008_03_11	coffee_love_106008_03_25		1
984	23	18	3	30													1
985	23	19	1	20				200101	1					coffee_love_106008_03_12	coffee_love_106008_03_12		1
986	23	20	3	21													1
987	23	21	1	22				200601	2					coffee_love_106008_03_13	coffee_love_106008_03_26		1
988	23	22	3	23													1
989	23	23	1	24					4					coffee_love_106008_03_14	coffee_love_106008_03_14		1
990	23	24	3	25													1
991	23	25	1	26				200601	1					coffee_love_106008_03_15	coffee_love_106008_03_15		1
992	23	26	3	27													1
993	23	27	1	28				200501	1	6				coffee_love_106008_03_16	coffee_love_106008_03_16		1
994	23	28	3	29													1
995	23	29	3	30													1
996	23	30	1					200101	1					coffee_love_106008_03_17	coffee_love_106008_03_17	1	1
997	24	1	1		2	11		200101	3					coffee_love_106008_04_01	coffee_love_106008_04_01		1
998	24	2	1	3					4					coffee_love_106008_04_02	coffee_love_106008_04_02		1
999	24	3	3	4													1
1000	24	4	1	5					5					coffee_love_106008_04_03	coffee_love_106008_04_03		1
1001	24	5	3	6													1
1002	24	6	1	7				200701	1					coffee_love_106008_04_04	coffee_love_106008_04_04		1
1003	24	7	3	8													1
1004	24	8	1	9				200501	1	4				coffee_love_106008_04_05	coffee_love_106008_04_05		1
1005	24	9	1	10										coffee_love_106008_04_06	coffee_love_106008_04_06		1
1006	24	10	3	21													1
1007	24	11	1	12				200101	3					coffee_love_106008_04_07	coffee_love_106008_04_07		1
1008	24	12	1	13				200102	3					coffee_love_106008_04_08	coffee_love_106008_04_08		1
1009	24	13	3	14													1
1010	24	14	1	15				200101	1					coffee_love_106008_04_09	coffee_love_106008_04_13		1
1011	24	15	3	16													1
1012	24	16	1	17				200402	1					coffee_love_106008_04_10	coffee_love_106008_04_14		1
1013	24	17	3	18													1
1014	24	18	1	19				200401	1					coffee_love_106008_04_11	coffee_love_106008_04_11		1
1015	24	19	3	20													1
1016	24	20	3	21													1
1017	24	21	1					200102	3					coffee_love_106008_04_12	coffee_love_106008_04_15	1	1
1018	25	1	1	2										coffee_love_107008_01_01	coffee_love_107008_01_01		1
1019	25	2	1		3	14	22							coffee_love_107008_01_02	coffee_love_107008_01_02		1
1020	25	3	1	4				201301	1					coffee_love_107008_01_03	coffee_love_107008_01_03		1
1021	25	4	1	5					1					coffee_love_107008_01_04	coffee_love_107008_01_04		1
1022	25	5	3	6													1
1023	25	6	1	7				200601	1					coffee_love_107008_01_05	coffee_love_107008_01_05		1
1024	25	7	3	8													1
1025	25	8	1	9					3					coffee_love_107008_01_06	coffee_love_107008_01_06		1
1026	25	9	1	10					1					coffee_love_107008_01_07	coffee_love_107008_01_07		1
1027	25	10	3	11													1
1028	25	11	1	12					3	4				coffee_love_107008_01_08	coffee_love_107008_01_08		1
1029	25	12	3	13													1
1030	25	13	1	32				200601	1					coffee_love_107008_01_09	coffee_love_107008_01_09		1
1031	25	14	1	15				200601	4					coffee_love_107008_01_10	coffee_love_107008_01_10		1
1032	25	15	3	16													1
1033	25	16	3	17													1
1034	25	17	1	18				201301	4	5				coffee_love_107008_01_11	coffee_love_107008_01_11		1
1035	25	18	3	19													1
1036	25	19	3	20													1
1037	25	20	3	21													1
1038	25	21	1	32				200701	1					coffee_love_107008_01_12	coffee_love_107008_01_12		1
1039	25	22	1	23										coffee_love_107008_01_13	coffee_love_107008_01_13		1
1040	25	23	3	24													1
1041	25	24	3	25													1
1042	25	25	3	26													1
1043	25	26	1	27					3					coffee_love_107008_01_14	coffee_love_107008_01_14		1
1044	25	27	1	28				200101	1					coffee_love_107008_01_15	coffee_love_107008_01_15		1
1045	25	28	3	29													1
1046	25	29	1	30				200101	2					coffee_love_107008_01_16	coffee_love_107008_01_16		1
1047	25	30	3	31													1
1048	25	31	3	32													1
1049	25	32	1					201301	1					coffee_love_107008_01_17	coffee_love_107008_01_17	1	1
1050	26	1	1		2	15	30	201301	1					coffee_love_107008_02_01	coffee_love_107008_02_01		1
1051	26	2	3	3													1
1052	26	3	1	4					2					coffee_love_107008_02_02	coffee_love_107008_02_02		1
1053	26	4	1	5					2					coffee_love_107008_02_03	coffee_love_107008_02_03		1
1054	26	5	1	6				200601	1					coffee_love_107008_02_04	coffee_love_107008_02_04		1
1055	26	6	3	7													1
1056	26	7	1	8					1					coffee_love_107008_02_05	coffee_love_107008_02_05		1
1057	26	8	1	9					1					coffee_love_107008_02_06	coffee_love_107008_02_06		1
1058	26	9	1	10				201301	1					coffee_love_107008_02_07	coffee_love_107008_02_07		1
1059	26	10	3	11													1
1060	26	11	1	12				200101	3					coffee_love_107008_02_08	coffee_love_107008_02_08		1
1061	26	12	1	13				200101	1					coffee_love_107008_02_09	coffee_love_107008_02_09		1
1062	26	13	1	14				200101	1					coffee_love_107008_02_10	coffee_love_107008_02_10		1
1063	26	14	3	41													1
1064	26	15	3	16													1
1065	26	16	1	17					2					coffee_love_107008_02_11	coffee_love_107008_02_11		1
1066	26	17	3	18													1
1067	26	18	1	19					1					coffee_love_107008_02_12	coffee_love_107008_02_12		1
1068	26	19	1	20					3					coffee_love_107008_02_13	coffee_love_107008_02_13		1
1069	26	20	1	21					3	5				coffee_love_107008_02_14	coffee_love_107008_02_14		1
1070	26	21	3	22													1
1071	26	22	1	23				200601	1					coffee_love_107008_02_15	coffee_love_107008_02_15		1
1072	26	23	1	24					3					coffee_love_107008_02_16	coffee_love_107008_02_16		1
1073	26	24	1	25					3					coffee_love_107008_02_17	coffee_love_107008_02_17		1
1074	26	25	3	26													1
1075	26	26	1	27					1					coffee_love_107008_02_18	coffee_love_107008_02_18		1
1076	26	27	3	28													1
1077	26	28	1	29					1					coffee_love_107008_02_19	coffee_love_107008_02_19		1
1078	26	29	1	41				201001	1					coffee_love_107008_02_20	coffee_love_107008_02_20		1
1079	26	30	1	31				201301	4					coffee_love_107008_02_21	coffee_love_107008_02_21		1
1080	26	31	1	32				200101	4					coffee_love_107008_02_22	coffee_love_107008_02_22		1
1081	26	32	3	33													1
1082	26	33	1	34					1					coffee_love_107008_02_23	coffee_love_107008_02_23		1
1083	26	34	3	35													1
1084	26	35	3	36													1
1085	26	36	1	37				200801	3					coffee_love_107008_02_24	coffee_love_107008_02_24		1
1086	26	37	1	38				200801	3					coffee_love_107008_02_25	coffee_love_107008_02_25		1
1087	26	38	1	39					1					coffee_love_107008_02_26	coffee_love_107008_02_26		1
1088	26	39	1	40				200101	1					coffee_love_107008_02_27	coffee_love_107008_02_27		1
1089	26	40	3	41													1
1090	26	41	1					200101	1					coffee_love_107008_02_28	coffee_love_107008_02_28	1	1
1091	27	1	1		2	16	30	201301	1					coffee_love_107008_03_01	coffee_love_107008_03_01		1
1092	27	2	1	3				200801	2					coffee_love_107008_03_02	coffee_love_107008_03_02		1
1093	27	3	3	4													1
1094	27	4	3	5													1
1095	27	5	3	6													1
1096	27	6	1	7				200101	1					coffee_love_107008_03_03	coffee_love_107008_03_03		1
1097	27	7	3	8													1
1098	27	8	3	9													1
1099	27	9	1	10					3	5				coffee_love_107008_03_04	coffee_love_107008_03_04		1
1100	27	10	3	11													1
1101	27	11	1	12				200801	2					coffee_love_107008_03_05	coffee_love_107008_03_05		1
1102	27	12	3	13													1
1103	27	13	3	14													1
1104	27	14	1	15					1					coffee_love_107008_03_06	coffee_love_107008_03_06		1
1105	27	15	3	41													1
1106	27	16	1	17				200101	1					coffee_love_107008_03_07	coffee_love_107008_03_07		1
1107	27	17	3	18													1
1108	27	18	3	19													1
1109	27	19	1	20				200101	1					coffee_love_107008_03_08	coffee_love_107008_03_08		1
1110	27	20	3	21				200101	3	5							1
1111	27	21	1	22										coffee_love_107008_03_09	coffee_love_107008_03_09		1
1112	27	22	3	23													1
1113	27	23	1	24					1					coffee_love_107008_03_10	coffee_love_107008_03_10		1
1114	27	24	1	25				208001	1					coffee_love_107008_03_11	coffee_love_107008_03_11		1
1115	27	25	3	26													1
1116	27	26	1	27				201001	1					coffee_love_107008_03_12	coffee_love_107008_03_12		1
1117	27	27	3	28													1
1118	27	28	1	29				200101	3					coffee_love_107008_03_13	coffee_love_107008_03_13		1
1119	27	29	3	41					1								1
1120	27	30	3	31													1
1121	27	31	1	32					1					coffee_love_107008_03_14	coffee_love_107008_03_14		1
1122	27	32	3	33													1
1123	27	33	1	34				200101	4					coffee_love_107008_03_15	coffee_love_107008_03_15		1
1124	27	34	3	35													1
1125	27	35	3	36													1
1126	27	36	1	37				201001	4					coffee_love_107008_03_16	coffee_love_107008_03_16		1
1127	27	37	3	38													1
1128	27	38	3	39													1
1129	27	39	3	40													1
1130	27	40	1	41				201301	1					coffee_love_107008_03_17	coffee_love_107008_03_17		1
1131	27	41	1						1					coffee_love_107008_03_18	coffee_love_107008_03_18	1	1
1132	28	1	1		2	14			3	5				coffee_love_107008_04_01	coffee_love_107008_04_01		1
1133	28	2	1	3				200701	1					coffee_love_107008_04_02	coffee_love_107008_04_02		1
1134	28	3	3	4													1
1135	28	4	1	5					4					coffee_love_107008_04_03	coffee_love_107008_04_03		1
1136	28	5	3	6													1
1137	28	6	3	7													1
1138	28	7	1	8					1					coffee_love_107008_04_04	coffee_love_107008_04_04		1
1139	28	8	1	9					3					coffee_love_107008_04_05	coffee_love_107008_04_05		1
1140	28	9	1	10					3					coffee_love_107008_04_06	coffee_love_107008_04_06		1
1141	28	10	1	11					1					coffee_love_107008_04_07	coffee_love_107008_04_07		1
1142	28	11	1	12				200301	1					coffee_love_107008_04_08	coffee_love_107008_04_08		1
1143	28	12	3	13													1
1144	28	13	3	36													1
1145	28	14	1	15					4					coffee_love_107008_04_09	coffee_love_107008_04_09		1
1146	28	15	3	16													1
1147	28	16	3	17													1
1148	28	17	1	18				200801	4					coffee_love_107008_04_10	coffee_love_107008_04_10		1
1149	28	18	1	19				200801	4					coffee_love_107008_04_11	coffee_love_107008_04_11		1
1150	28	19	1	20					4					coffee_love_107008_04_12	coffee_love_107008_04_12		1
1151	28	20	1	21					3					coffee_love_107008_04_13	coffee_love_107008_04_13		1
1152	28	21	1	22				200801	1					coffee_love_107008_04_14	coffee_love_107008_04_14		1
1153	28	22	1	23				200801	1					coffee_love_107008_04_15	coffee_love_107008_04_15		1
1154	28	23	1	24				201301	1					coffee_love_107008_04_16	coffee_love_107008_04_16		1
1155	28	24	1	25										coffee_love_107008_04_17	coffee_love_107008_04_17		1
1156	28	25	3	26													1
1157	28	26	1	27					1					coffee_love_107008_04_18	coffee_love_107008_04_18		1
1158	28	27	1	28				200101	2					coffee_love_107008_04_19	coffee_love_107008_04_19		1
1159	28	28	3	29													1
1160	28	29	3	30													1
1161	28	30	1	31					1					coffee_love_107008_04_20	coffee_love_107008_04_20		1
1162	28	31	1	32				201301	1					coffee_love_107008_04_21	coffee_love_107008_04_21		1
1163	28	32	3	33													1
1164	28	33	1	34				200801	4					coffee_love_107008_04_22	coffee_love_107008_04_22		1
1165	28	34	3	35													1
1166	28	35	1	36				200101	1					coffee_love_107008_04_23	coffee_love_107008_04_23		1
1167	28	36	1						1					coffee_love_107008_04_24	coffee_love_107008_04_24	1	1
1168	29	1	1		2	11	22	200501	1					coffee_love_108008_01_01	coffee_love_108008_01_01		1
1169	29	2	3	3													1
1170	29	3	1	4				200601	1					coffee_love_108008_01_02	coffee_love_108008_01_02		1
1171	29	4	1	5				201301	1	2				coffee_love_108008_01_03	coffee_love_108008_01_03		1
1172	29	5	3	6													1
1173	29	6	1	7										coffee_love_108008_01_04	coffee_love_108008_01_04		1
1174	29	7	3	8													1
1175	29	8	1	9				200401	4					coffee_love_108008_01_05	coffee_love_108008_01_05		1
1176	29	9	1	10				200301	1					coffee_love_108008_01_06	coffee_love_108008_01_06		1
1177	29	10	3													1	1
1178	29	11	3	12													1
1179	29	12	1	13				200701	3					coffee_love_108008_01_07	coffee_love_108008_01_07		1
1180	29	13	1	14				200701	3	1				coffee_love_108008_01_08	coffee_love_108008_01_08		1
1181	29	14	3	15													1
1182	29	15	1	16				200701	4	3				coffee_love_108008_01_09	coffee_love_108008_01_09		1
1183	29	16	1	17										coffee_love_108008_01_10	coffee_love_108008_01_10		1
1184	29	17	3	18													1
1185	29	18	3	19													1
1186	29	19	1	20					1					coffee_love_108008_01_11	coffee_love_108008_01_11		1
1187	29	20	1	21					1					coffee_love_108008_01_12	coffee_love_108008_01_12		1
1188	29	21	1						3					coffee_love_108008_01_13	coffee_love_108008_01_13	1	1
1189	29	22	3	23													1
1190	29	23	1	24				200401	4					coffee_love_108008_01_14	coffee_love_108008_01_14		1
1191	29	24	3	25													1
1192	29	25	1	26				200701	4					coffee_love_108008_01_15	coffee_love_108008_01_15		1
1193	29	26	3	27													1
1194	29	27	1	28				200701	4	1				coffee_love_108008_01_16	coffee_love_108008_01_16		1
1195	29	28	1	29					3					coffee_love_108008_01_17	coffee_love_108008_01_17		1
1196	29	29	1	30					3					coffee_love_108008_01_18	coffee_love_108008_01_18		1
1197	29	30	1	31					3	1				coffee_love_108008_01_19	coffee_love_108008_01_19		1
1198	29	31	3	32													1
1199	29	32	1						1					coffee_love_108008_01_20	coffee_love_108008_01_20	1	1
1200	30	1	1		2	21								coffee_love_108008_02_01	coffee_love_108008_02_01		1
1201	30	2	3	3													1
1202	30	3	3	4													1
1203	30	4	1	5					3					coffee_love_108008_02_02	coffee_love_108008_02_02		1
1204	30	5	3	6													1
1205	30	6	1	7					3	1				coffee_love_108008_02_03	coffee_love_108008_02_03		1
1206	30	7	3	8													1
1207	30	8	1	9										coffee_love_108008_02_04	coffee_love_108008_02_04		1
1208	30	9	3	10													1
1209	30	10	1	11				201301	1	4				coffee_love_108008_02_05	coffee_love_108008_02_05		1
1210	30	11	1	12				200601	4					coffee_love_108008_02_06	coffee_love_108008_02_06		1
1211	30	12	1	13				200601	4					coffee_love_108008_02_07	coffee_love_108008_02_07		1
1212	30	13	3	14													1
1213	30	14	1	15				200601	4	1				coffee_love_108008_02_08	coffee_love_108008_02_08		1
1214	30	15	3	16													1
1215	30	16	1	17				201301	1	4				coffee_love_108008_02_09	coffee_love_108008_02_09		1
1216	30	17	3	18													1
1217	30	18	1	19										coffee_love_108008_02_10	coffee_love_108008_02_10		1
1218	30	19	3	20													1
1219	30	20	3													1	1
1220	30	21	3	22													1
1221	30	22	3	23													1
1222	30	23	1	24					3					coffee_love_108008_02_11	coffee_love_108008_02_11		1
1223	30	24	3	25													1
1224	30	25	1	26					3	1				coffee_love_108008_02_12	coffee_love_108008_02_12		1
1225	30	26	3	27													1
1226	30	27	1	28										coffee_love_108008_02_13	coffee_love_108008_02_13		1
1227	30	28	3	29													1
1228	30	29	1	30				200601	1					coffee_love_108008_02_14	coffee_love_108008_02_14		1
1229	30	30	3	31													1
1230	30	31	1	32				201001	1					coffee_love_108008_02_15	coffee_love_108008_02_15		1
1231	30	32	3	33													1
1232	30	33	1	34				200501	1					coffee_love_108008_02_16	coffee_love_108008_02_16		1
1233	30	34	3	35													1
1234	30	35	3	36													1
1235	30	36	3	37													1
1236	30	37	1	38				200701						coffee_love_108008_02_17	coffee_love_108008_02_17		1
1237	30	38	1	39				200701	3					coffee_love_108008_02_18	coffee_love_108008_02_18		1
1238	30	39	3	40													1
1239	30	40	3													1	1
1240	31	1	1		2	12	22	200101	4					coffee_love_108008_03_01	coffee_love_108008_03_01		1
1241	31	2	3	3													1
1242	31	3	1	4				200101	4	1				coffee_love_108008_03_02	coffee_love_108008_03_02		1
1243	31	4	1	5					3					coffee_love_108008_03_03	coffee_love_108008_03_03		1
1244	31	5	1	6					3					coffee_love_108008_03_04	coffee_love_108008_03_04		1
1245	31	6	1	7					3	1				coffee_love_108008_03_05	coffee_love_108008_03_05		1
1246	31	7	1	8										coffee_love_108008_03_06	coffee_love_108008_03_06		1
1247	31	8	3	9													1
1248	31	9	3	10													1
1249	31	10	1	11				201301	1					coffee_love_108008_03_07	coffee_love_108008_03_07		1
1250	31	11	3													1	1
1251	31	12	3	13													1
1252	31	13	1	14				200601	4					coffee_love_108008_03_08	coffee_love_108008_03_08		1
1253	31	14	3	15													1
1254	31	15	1	16				200601	1					coffee_love_108008_03_09	coffee_love_108008_03_09		1
1255	31	16	1	17					3					coffee_love_108008_03_10	coffee_love_108008_03_10		1
1256	31	17	3	18													1
1257	31	18	1	19					3	1				coffee_love_108008_03_11	coffee_love_108008_03_11		1
1258	31	19	1	20				200301	1					coffee_love_108008_03_12	coffee_love_108008_03_12		1
1259	31	20	1	21				200301	1					coffee_love_108008_03_13	coffee_love_108008_03_13		1
1260	31	21	3													1	1
1261	31	22	1	23				200801	5	4				coffee_love_108008_03_14	coffee_love_108008_03_14		1
1262	31	23	3	24													1
1263	31	24	1	25										coffee_love_108008_03_15	coffee_love_108008_03_15		1
1264	31	25	1	26				200601	4	4				coffee_love_108008_03_16	coffee_love_108008_03_16		1
1265	31	26	3	27													1
1266	31	27	1	28					3					coffee_love_108008_03_17	coffee_love_108008_03_17		1
1267	31	28	1	29					3					coffee_love_108008_03_18	coffee_love_108008_03_18		1
1268	31	29	1	30					3	6				coffee_love_108008_03_19	coffee_love_108008_03_19		1
1269	31	30	1	31										coffee_love_108008_03_20	coffee_love_108008_03_20		1
1270	31	31	3	32													1
1271	31	32	1	33										coffee_love_108008_03_21	coffee_love_108008_03_21		1
1272	31	33	1						1					coffee_love_108008_03_22	coffee_love_108008_03_22	1	1
1273	32	1	1		2	24	42							coffee_love_108008_04_01	coffee_love_108008_04_01		1
1274	32	2	3	3													1
1275	32	3	1	4				201301	1					coffee_love_108008_04_02	coffee_love_108008_04_02		1
1276	32	4	1	5				200101	1					coffee_love_108008_04_03	coffee_love_108008_04_03		1
1277	32	5	3	6													1
1278	32	6	1	7					3					coffee_love_108008_04_04	coffee_love_108008_04_04		1
1279	32	7	1	8					3					coffee_love_108008_04_05	coffee_love_108008_04_05		1
1280	32	8	3	9													1
1281	32	9	1	10					1					coffee_love_108008_04_06	coffee_love_108008_04_06		1
1282	32	10	3	11													1
1283	32	11	1	12				200101	5					coffee_love_108008_04_07	coffee_love_108008_04_07		1
1284	32	12	1	13				200101	5	5				coffee_love_108008_04_08	coffee_love_108008_04_08		1
1285	32	13	3	14													1
1286	32	14	3	15													1
1287	32	15	3	16													1
1288	32	16	1	17					4					coffee_love_108008_04_09	coffee_love_108008_04_09		1
1289	32	17	1	18					4	1				coffee_love_108008_04_10	coffee_love_108008_04_10		1
1290	32	18	1	19					3	6				coffee_love_108008_04_11	coffee_love_108008_04_11		1
1291	32	19	3	20													1
1292	32	20	1	21										coffee_love_108008_04_12	coffee_love_108008_04_12		1
1293	32	21	1	22										coffee_love_108008_04_13	coffee_love_108008_04_13		1
1294	32	22	3	23													1
1295	32	23	1					200601	1					coffee_love_108008_04_14	coffee_love_108008_04_14	1	1
1296	32	24	3	25													1
1297	32	25	1	26				200601	1					coffee_love_108008_04_15	coffee_love_108008_04_15		1
1298	32	26	1	27					3	4				coffee_love_108008_04_16	coffee_love_108008_04_16		1
1299	32	27	3	28													1
1300	32	28	1	29				200601	1					coffee_love_108008_04_17	coffee_love_108008_04_17		1
1301	32	29	1	30				200601	1					coffee_love_108008_04_18	coffee_love_108008_04_18		1
1302	32	30	3	31													1
1303	32	31	1	32				201301	1					coffee_love_108008_04_19	coffee_love_108008_04_19		1
1304	32	32	1	33					3					coffee_love_108008_04_20	coffee_love_108008_04_20		1
1305	32	33	1	34					3	3				coffee_love_108008_04_21	coffee_love_108008_04_21		1
1306	32	34	3	35													1
1307	32	35	3	36													1
1308	32	36	3	37													1
1309	32	37	1	38				200801	5					coffee_love_108008_04_22	coffee_love_108008_04_22		1
1310	32	38	1	39					5					coffee_love_108008_04_23	coffee_love_108008_04_23		1
1311	32	39	1	40					5	6				coffee_love_108008_04_24	coffee_love_108008_04_24		1
1312	32	40	1	41										coffee_love_108008_04_25	coffee_love_108008_04_25		1
1313	32	41	1					200101	1					coffee_love_108008_04_26	coffee_love_108008_04_26	1	1
1314	32	42	1	43				200501	1					coffee_love_108008_04_27	coffee_love_108008_04_27		1
1315	32	43	3	44													1
1316	32	44	3	45													1
1317	32	45	1	46				200601	1					coffee_love_108008_04_28	coffee_love_108008_04_28		1
1318	32	46	1	47					3					coffee_love_108008_04_29	coffee_love_108008_04_29		1
1319	32	47	1	48					3					coffee_love_108008_04_30	coffee_love_108008_04_30		1
1320	32	48	1	49					3	1				coffee_love_108008_04_31	coffee_love_108008_04_31		1
1321	32	49	1	50										coffee_love_108008_04_32	coffee_love_108008_04_32		1
1322	32	50	3	51													1
1323	32	51	3	52													1
1324	32	52	1	53										coffee_love_108008_04_33	coffee_love_108008_04_33		1
1325	32	53	3	54													1
1326	32	54	1	55				201201	1					coffee_love_108008_04_34	coffee_love_108008_04_34		1
1327	32	55	1	56				201001	1					coffee_love_108008_04_35	coffee_love_108008_04_35		1
1328	32	56	3	57													1
1329	32	57	1					200101	1					coffee_love_108008_04_36	coffee_love_108008_04_36	1	1
1330	33	1	1		3	17	32							coffee_love_109008_01_01	coffee_love_109008_01_01		1
1331	33	2	3	3													1
1332	33	3	1	4				200102	4					coffee_love_109008_01_02	coffee_love_109008_01_02		1
1333	33	4	1	5				200301	5					coffee_love_109008_01_03	coffee_love_109008_01_03		1
1334	33	5	3	6													1
1335	33	6	1	7				200302	3					coffee_love_109008_01_04	coffee_love_109008_01_04		1
1336	33	7	1	8				200402	3					coffee_love_109008_01_05	coffee_love_109008_01_05		1
1337	33	8	3	9													1
1338	33	9	1	10				200902	5					coffee_love_109008_01_06	coffee_love_109008_01_06		1
1339	33	10	3	11													1
1340	33	11	1	12				200301	5					coffee_love_109008_01_07	coffee_love_109008_01_07		1
1341	33	12	1	13				200301	5					coffee_love_109008_01_08	coffee_love_109008_01_08		1
1342	33	13	3	14													1
1343	33	14	1	15				200302	5					coffee_love_109008_01_09	coffee_love_109008_01_09		1
1344	33	15	3	16													1
1345	33	16	1						5					coffee_love_109008_01_10	coffee_love_109008_01_10	1	1
1346	33	17	3	18													1
1347	33	18	1	19				200102	5	4				coffee_love_109008_01_11	coffee_love_109008_01_11		1
1348	33	19	3	20													1
1349	33	20	1	21				200201	2					coffee_love_109008_01_12	coffee_love_109008_01_12		1
1350	33	21	1	22				200201	2	1				coffee_love_109008_01_13	coffee_love_109008_01_13		1
1351	33	22	3	23													1
1352	33	23	1	24				200301	4					coffee_love_109008_01_14	coffee_love_109008_01_14		1
1353	33	24	3	25													1
1354	33	25	1	26				200301	4					coffee_love_109008_01_15	coffee_love_109008_01_15		1
1355	33	26	3	27													1
1356	33	27	1	28				200101	5					coffee_love_109008_01_16	coffee_love_109008_01_16		1
1357	33	28	3	29													1
1358	33	29	1	30				200902	5					coffee_love_109008_01_17	coffee_love_109008_01_17		1
1359	33	30	3	31													1
1360	33	31	1					200302	3					coffee_love_109008_01_18	coffee_love_109008_01_18	1	1
1361	33	32	3	33													1
1362	33	33	1	34				200301	5					coffee_love_109008_01_19	coffee_love_109008_01_19		1
1363	33	34	3	35													1
1364	33	35	1	36				200301	5	2				coffee_love_109008_01_20	coffee_love_109008_01_20		1
1365	33	36	3	37													1
1366	33	37	1	38				200902	1					coffee_love_109008_01_21	coffee_love_109008_01_21		1
1367	33	38	3	39													1
1368	33	39	1	40				200401	1					coffee_love_109008_01_22	coffee_love_109008_01_22		1
1369	33	40	3	41													1
1370	33	41	1	42				200402	5					coffee_love_109008_01_23	coffee_love_109008_01_23		1
1371	33	42	3	43													1
1372	33	43	1	44				200301	5					coffee_love_109008_01_24	coffee_love_109008_01_24		1
1373	33	44	3	45													1
1374	33	45	1					200302	5					coffee_love_109008_01_25	coffee_love_109008_01_25	1	1
1375	34	1	1		2	20								coffee_love_109008_02_01	coffee_love_109008_02_01		1
1376	34	2	1	3					1					coffee_love_109008_02_02	coffee_love_109008_02_02		1
1377	34	3	3	4													1
1378	34	4	1	5				201301	1	1				coffee_love_109008_02_03	coffee_love_109008_02_03		1
1379	34	5	1	6										coffee_love_109008_02_04	coffee_love_109008_02_04		1
1380	34	6	3	7													1
1381	34	7	1	8					4					coffee_love_109008_02_05	coffee_love_109008_02_05		1
1382	34	8	1	9					4					coffee_love_109008_02_06	coffee_love_109008_02_06		1
1383	34	9	3	10													1
1384	34	10	1	11				200301	4					coffee_love_109008_02_07	coffee_love_109008_02_07		1
1385	34	11	1	12				201301	4					coffee_love_109008_02_08	coffee_love_109008_02_08		1
1386	34	12	3	13													1
1387	34	13	1	14				200801	1					coffee_love_109008_02_09	coffee_love_109008_02_09		1
1388	34	14	1	15				200301	1					coffee_love_109008_02_10	coffee_love_109008_02_10		1
1389	34	15	3	16													1
1390	34	16	1	17				200101	1					coffee_love_109008_02_11	coffee_love_109008_02_11		1
1391	34	17	1	18				201301	1	5				coffee_love_109008_02_12	coffee_love_109008_02_12		1
1392	34	18	3	19													1
1393	34	19	1					200301	3					coffee_love_109008_02_13	coffee_love_109008_02_13	1	1
1394	34	20	1	21					1					coffee_love_109008_02_14	coffee_love_109008_02_14		1
1395	34	21	1	22				200601	1					coffee_love_109008_02_15	coffee_love_109008_02_15		1
1396	34	22	3	23													1
1397	34	23	1	24				200301	1					coffee_love_109008_02_16	coffee_love_109008_02_16		1
1398	34	24	1	25				200301	1	1				coffee_love_109008_02_17	coffee_love_109008_02_17		1
1399	34	25	1	26										coffee_love_109008_02_18	coffee_love_109008_02_18		1
1400	34	26	3	27													1
1401	34	27	1	28				200102	5					coffee_love_109008_02_19	coffee_love_109008_02_19		1
1402	34	28	1	29				200102	5					coffee_love_109008_02_20	coffee_love_109008_02_20		1
1403	34	29	3	30													1
1404	34	30	1	31				201001	5					coffee_love_109008_02_21	coffee_love_109008_02_21		1
1405	34	31	3	32													1
1406	34	32	1	33				200601	1					coffee_love_109008_02_22	coffee_love_109008_02_22		1
1407	34	33	1					200102	1	2				coffee_love_109008_02_23	coffee_love_109008_02_23	1	1
1408	35	1	1		2	16	30	201301	1					coffee_love_109008_03_01	coffee_love_109008_03_01		1
1409	35	2	1	3				200301	5					coffee_love_109008_03_02	coffee_love_109008_03_02		1
1410	35	3	3	4													1
1411	35	4	1	5				200402	5	6				coffee_love_109008_03_03	coffee_love_109008_03_03		1
1412	35	5	3	6													1
1413	35	6	1	7				200901	3					coffee_love_109008_03_04	coffee_love_109008_03_04		1
1414	35	7	3	8													1
1415	35	8	1	9				200301	3					coffee_love_109008_03_05	coffee_love_109008_03_05		1
1416	35	9	3	10													1
1417	35	10	1	11					1					coffee_love_109008_03_06	coffee_love_109008_03_06		1
1418	35	11	1	12				201301	1	5				coffee_love_109008_03_07	coffee_love_109008_03_07		1
1419	35	12	3	13													1
1420	35	13	1	14				201001	5					coffee_love_109008_03_08	coffee_love_109008_03_08		1
1421	35	14	3	15													1
1422	35	15	1					200902	3					coffee_love_109008_03_09	coffee_love_109008_03_09	1	1
1423	35	16	1	17				201001	1					coffee_love_109008_03_10	coffee_love_109008_03_10		1
1424	35	17	3	18													1
1425	35	18	1	19				200901	1					coffee_love_109008_03_11	coffee_love_109008_03_11		1
1426	35	19	3	20													1
1427	35	20	1	21				200101	5					coffee_love_109008_03_12	coffee_love_109008_03_12		1
1428	35	21	1	22				200301	5					coffee_love_109008_03_13	coffee_love_109008_03_13		1
1429	35	22	3	23													1
1430	35	23	1	24					5					coffee_love_109008_03_14	coffee_love_109008_03_14		1
1431	35	24	1	25				201301	5	3				coffee_love_109008_03_15	coffee_love_109008_03_15		1
1432	35	25	3	26													1
1433	35	26	1	27										coffee_love_109008_03_16	coffee_love_109008_03_16		1
1434	35	27	3	28													1
1435	35	28	1	29				200301	2	4				coffee_love_109008_03_17	coffee_love_109008_03_17		1
1436	35	29	1											coffee_love_109008_03_18	coffee_love_109008_03_18	1	1
1437	35	30	3	31													1
1438	35	31	1	32				200301	5					coffee_love_109008_03_19	coffee_love_109008_03_19		1
1439	35	32	1	33				200101	5					coffee_love_109008_03_20	coffee_love_109008_03_20		1
1440	35	33	3	34													1
1441	35	34	1	35				200402	5	4				coffee_love_109008_03_21	coffee_love_109008_03_21		1
1442	35	35	1	36										coffee_love_109008_03_22	coffee_love_109008_03_22		1
1443	35	36	3	37													1
1444	35	37	1	38										coffee_love_109008_03_23	coffee_love_109008_03_23		1
1445	35	38	1	39				200601	4					coffee_love_109008_03_24	coffee_love_109008_03_24		1
1446	35	39	3	40													1
1447	35	40	1	41				200301	4					coffee_love_109008_03_25	coffee_love_109008_03_25		1
1448	35	41	1	42					4	2				coffee_love_109008_03_26	coffee_love_109008_03_26		1
1449	35	42	3	43													1
1450	35	43	1						5					coffee_love_109008_03_27	coffee_love_109008_03_27	1	1
1451	36	1	1		3	15	31	200601	4					coffee_love_109008_04_01	coffee_love_109008_04_01		1
1452	36	2	3	3													1
1453	36	3	1	4				200101	4	4				coffee_love_109008_04_02	coffee_love_109008_04_02		1
1454	36	4	3	5													1
1455	36	5	3	6													1
1456	36	6	1	7				201001	5					coffee_love_109008_04_03	coffee_love_109008_04_03		1
1457	36	7	1	8					5					coffee_love_109008_04_04	coffee_love_109008_04_04		1
1458	36	8	3	9													1
1459	36	9	1	10					5	2				coffee_love_109008_04_05	coffee_love_109008_04_05		1
1460	36	10	1	11										coffee_love_109008_04_06	coffee_love_109008_04_06		1
1461	36	11	3	12													1
1462	36	12	1	13				200101	4					coffee_love_109008_04_07	coffee_love_109008_04_07		1
1463	36	13	1	14				201301	4	5				coffee_love_109008_04_08	coffee_love_109008_04_08		1
1464	36	14	3													1	1
1465	36	15	3	16													1
1466	36	16	1	17				200301	4					coffee_love_109008_04_09	coffee_love_109008_04_09		1
1467	36	17	3	18													1
1468	36	18	1	19				200402	5					coffee_love_109008_04_10	coffee_love_109008_04_10		1
1469	36	19	3	20													1
1470	36	20	1	21				200402	5					coffee_love_109008_04_11	coffee_love_109008_04_11		1
1471	36	21	3	22													1
1472	36	22	1	23				201301	3					coffee_love_109008_04_12	coffee_love_109008_04_12		1
1473	36	23	3	24													1
1474	36	24	1	25				200301	3					coffee_love_109008_04_13	coffee_love_109008_04_13		1
1475	36	25	1	26				200402	5					coffee_love_109008_04_14	coffee_love_109008_04_14		1
1476	36	26	3	27													1
1477	36	27	1	28					2					coffee_love_109008_04_15	coffee_love_109008_04_15		1
1478	36	28	3	29													1
1479	36	29	3	30													1
1480	36	30	1					200102	5					coffee_love_109008_04_16	coffee_love_109008_04_16	1	1
1481	36	31	1	32					4					coffee_love_109008_04_17	coffee_love_109008_04_17		1
1482	36	32	1	33				201301	4	3				coffee_love_109008_04_18	coffee_love_109008_04_18		1
1483	36	33	3	34													1
1484	36	34	1	35					1	5				coffee_love_109008_04_19	coffee_love_109008_04_19		1
1485	36	35	3	36													1
1486	36	36	3	37													1
1487	36	37	1	38					5					coffee_love_109008_04_20	coffee_love_109008_04_20		1
1488	36	38	3	39													1
1489	36	39	1	40				200101	5	4				coffee_love_109008_04_21	coffee_love_109008_04_21		1
1490	36	40	3	41													1
1491	36	41	3	42													1
1492	36	42	1	43				200601	2					coffee_love_109008_04_22	coffee_love_109008_04_22		1
1493	36	43	1	44				200101	2					coffee_love_109008_04_23	coffee_love_109008_04_23		1
1494	36	44	1	45				200101	2	3				coffee_love_109008_04_24	coffee_love_109008_04_24		1
1495	36	45	3	46													1
1496	36	46	1					200302	5					coffee_love_109008_04_25	coffee_love_109008_04_25	1	1