index	buffId	star	effectNum1	status
int	int	int	int	int
1001_1	1001	1	99	1
201010101_1	201010101	1	1.2	1
201010101_2	201010101	2	1.5	1
201010101_3	201010101	3	2	1
201010102_1	201010102	1	0.9	1
201010102_2	201010102	2	1.12	1
201010102_3	201010102	3	1.5	1
201010103_1	201010103	1	2.75	1
201010103_2	201010103	2	3.03	1
201010103_3	201010103	3	3.3	1
201010103_4	201010103	4	3.58	1
201010103_5	201010103	5	3.85	1
201010103_6	201010103	6	4.13	1
201010104_1	201010104	1	2.2	1
201010104_2	201010104	2	2.42	1
201010104_3	201010104	3	2.64	1
201010104_4	201010104	4	2.86	1
201010104_5	201010104	5	3.08	1
201010104_6	201010104	6	3.3	1
201010105_1	201010105	1	1.2	1
201010105_2	201010105	2	1.28	1
201010105_3	201010105	3	1.54	1
201010106_1	201010106	1	0.9	1
201010106_2	201010106	2	0.96	1
201010106_3	201010106	3	1.15	1
201010107_1	201010107	1	1.02	1
201010107_2	201010107	2	1.2	1
201010107_3	201010107	3	1.5	1
201010108_1	201010108	1	0.77	1
201010108_2	201010108	2	0.9	1
201010108_3	201010108	3	1.13	1
201010109_1	201010109	1	1.2	1
201010109_2	201010109	2	1.2	1
201010109_3	201010109	3	1.2	1
201010110_1	201010110	1	0.9	1
201010110_2	201010110	2	0.9	1
201010110_3	201010110	3	0.9	1
201010111_1	201010111	1	1.02	1
201010111_2	201010111	2	1.2	1
201010111_3	201010111	3	1.5	1
201010112_1	201010112	1	0.77	1
201010112_2	201010112	2	0.9	1
201010112_3	201010112	3	1.13	1
201010113_1	201010113	1	2.34	1
201010113_2	201010113	2	2.57	1
201010113_3	201010113	3	2.81	1
201010113_4	201010113	4	3.04	1
201010113_5	201010113	5	3.28	1
201010113_6	201010113	6	3.51	1
201010114_1	201010114	1	1.87	1
201010114_2	201010114	2	2.06	1
201010114_3	201010114	3	2.24	1
201010114_4	201010114	4	2.43	1
201010114_5	201010114	5	2.62	1
201010114_6	201010114	6	2.81	1
201010115_1	201010115	1	0.72	1
201010115_2	201010115	2	0.9	1
201010115_3	201010115	3	1.2	1
201010116_1	201010116	1	0.54	1
201010116_2	201010116	2	0.68	1
201010116_3	201010116	3	0.9	1
201010117_1	201010117	1	1.65	1
201010117_2	201010117	2	1.82	1
201010117_3	201010117	3	1.98	1
201010117_4	201010117	4	2.15	1
201010117_5	201010117	5	2.31	1
201010117_6	201010117	6	2.48	1
201010118_1	201010118	1	1.32	1
201010118_2	201010118	2	1.45	1
201010118_3	201010118	3	1.58	1
201010118_4	201010118	4	1.72	1
201010118_5	201010118	5	1.85	1
201010118_6	201010118	6	1.98	1
201010119_1	201010119	1	1.02	1
201010119_2	201010119	2	1.2	1
201010119_3	201010119	3	1.5	1
201010120_1	201010120	1	0.77	1
201010120_2	201010120	2	0.9	1
201010120_3	201010120	3	1.13	1
201010121_1	201010121	1	2.34	1
201010121_2	201010121	2	2.57	1
201010121_3	201010121	3	2.81	1
201010121_4	201010121	4	3.04	1
201010121_5	201010121	5	3.28	1
201010121_6	201010121	6	3.51	1
201010122_1	201010122	1	1.87	1
201010122_2	201010122	2	2.06	1
201010122_3	201010122	3	2.24	1
201010122_4	201010122	4	2.43	1
201010122_5	201010122	5	2.62	1
201010122_6	201010122	6	2.81	1
201010123_1	201010123	1	0.96	1
201010123_2	201010123	2	1.13	1
201010123_3	201010123	3	1.5	1
201010124_1	201010124	1	0.72	1
201010124_2	201010124	2	0.85	1
201010124_3	201010124	3	1.13	1
201010125_1	201010125	1	2.2	1
201010125_2	201010125	2	2.42	1
201010125_3	201010125	3	2.64	1
201010125_4	201010125	4	2.86	1
201010125_5	201010125	5	3.08	1
201010125_6	201010125	6	3.3	1
201010126_1	201010126	1	1.76	1
201010126_2	201010126	2	1.94	1
201010126_3	201010126	3	2.11	1
201010126_4	201010126	4	2.29	1
201010126_5	201010126	5	2.46	1
201010126_6	201010126	6	2.64	1
201010127_1	201010127	1	0.72	1
201010127_2	201010127	2	0.9	1
201010127_3	201010127	3	1.2	1
201010128_1	201010128	1	0.54	1
201010128_2	201010128	2	0.68	1
201010128_3	201010128	3	0.9	1
201010129_1	201010129	1	1.65	1
201010129_2	201010129	2	1.82	1
201010129_3	201010129	3	1.98	1
201010129_4	201010129	4	2.15	1
201010129_5	201010129	5	2.31	1
201010129_6	201010129	6	2.48	1
201010130_1	201010130	1	1.32	1
201010130_2	201010130	2	1.45	1
201010130_3	201010130	3	1.58	1
201010130_4	201010130	4	1.72	1
201010130_5	201010130	5	1.85	1
201010130_6	201010130	6	1.98	1
201010131_1	201010131	1	0.92	1
201010131_2	201010131	2	1.16	1
201010131_3	201010131	3	1.54	1
201010132_1	201010132	1	0.69	1
201010132_2	201010132	2	0.87	1
201010132_3	201010132	3	1.16	1
201010133_1	201010133	1	2.11	1
201010133_2	201010133	2	2.32	1
201010133_3	201010133	3	2.53	1
201010133_4	201010133	4	2.74	1
201010133_5	201010133	5	2.95	1
201010133_6	201010133	6	3.17	1
201010134_1	201010134	1	1.69	1
201010134_2	201010134	2	1.86	1
201010134_3	201010134	3	2.03	1
201010134_4	201010134	4	2.2	1
201010134_5	201010134	5	2.37	1
201010134_6	201010134	6	2.54	1
201010135_1	201010135	1	0.96	1
201010135_2	201010135	2	1.2	1
201010135_3	201010135	3	1.6	1
201010136_1	201010136	1	0.72	1
201010136_2	201010136	2	0.9	1
201010136_3	201010136	3	1.21	1
201010137_1	201010137	1	2.2	1
201010137_2	201010137	2	2.42	1
201010137_3	201010137	3	2.64	1
201010137_4	201010137	4	2.86	1
201010137_5	201010137	5	3.08	1
201010137_6	201010137	6	3.3	1
201010138_1	201010138	1	1.76	1
201010138_2	201010138	2	1.94	1
201010138_3	201010138	3	2.11	1
201010138_4	201010138	4	2.29	1
201010138_5	201010138	5	2.46	1
201010138_6	201010138	6	2.64	1
201010139_1	201010139	1	0.96	1
201010139_2	201010139	2	1.2	1
201010139_3	201010139	3	1.6	1
201010140_1	201010140	1	0.72	1
201010140_2	201010140	2	0.9	1
201010140_3	201010140	3	1.21	1
201010141_1	201010141	1	2.2	1
201010141_2	201010141	2	2.42	1
201010141_3	201010141	3	2.64	1
201010141_4	201010141	4	2.86	1
201010141_5	201010141	5	3.08	1
201010141_6	201010141	6	3.3	1
201010142_1	201010142	1	1.76	1
201010142_2	201010142	2	1.94	1
201010142_3	201010142	3	2.11	1
201010142_4	201010142	4	2.29	1
201010142_5	201010142	5	2.46	1
201010142_6	201010142	6	2.64	1
201010143_1	201010143	1	0.96	1
201010143_2	201010143	2	1.2	1
201010143_3	201010143	3	1.6	1
201010144_1	201010144	1	0.72	1
201010144_2	201010144	2	0.9	1
201010144_3	201010144	3	1.21	1
201010145_1	201010145	1	2.2	1
201010145_2	201010145	2	2.42	1
201010145_3	201010145	3	2.64	1
201010145_4	201010145	4	2.86	1
201010145_5	201010145	5	3.08	1
201010145_6	201010145	6	3.3	1
201010146_1	201010146	1	1.76	1
201010146_2	201010146	2	1.94	1
201010146_3	201010146	3	2.11	1
201010146_4	201010146	4	2.29	1
201010146_5	201010146	5	2.46	1
201010146_6	201010146	6	2.64	1
201010147_1	201010147	1	1	1
201010147_2	201010147	2	1	1
201010147_3	201010147	3	1.5	1
201010148_1	201010148	1	0.8	1
201010148_2	201010148	2	0.8	1
201010148_3	201010148	3	1.2	1
201010149_1	201010149	1	0.9	1
201010149_2	201010149	2	1.22	1
201010149_3	201010149	3	1.82	1
201010150_1	201010150	1	0.68	1
201010150_2	201010150	2	0.91	1
201010150_3	201010150	3	1.37	1
201010151_1	201010151	1	2.7	1
201010151_2	201010151	2	2.42	1
201010151_3	201010151	3	2.64	1
201010151_4	201010151	4	2.86	1
201010151_5	201010151	5	3.08	1
201010151_6	201010151	6	3.3	1
201010152_1	201010152	1	2	1
201010152_2	201010152	2	1.94	1
201010152_3	201010152	3	2.11	1
201010152_4	201010152	4	2.29	1
201010152_5	201010152	5	2.46	1
201010152_6	201010152	6	2.64	1
201010153_1	201010153	1	0.72;0.3;102050101	1
201010153_2	201010153	2	0.9;0.3;102050101	1
201010153_3	201010153	3	1.2;0.3;102050101	1
201010154_1	201010154	1	0.58;0.3;102050101	1
201010154_2	201010154	2	0.72;0.3;102050101	1
201010154_3	201010154	3	0.96;0.3;102050101	1
201010155_1	201010155	1	1.65;0.3;102050101	1
201010155_2	201010155	2	1.98;0.3;102050101	1
201010155_3	201010155	3	2.37;0.3;102050101	1
201010155_4	201010155	4	3.08;0.3;102050101	1
201010155_5	201010155	5	4.32;0.3;102050101	1
201010155_6	201010155	6	6.48;0.3;102050101	1
201010156_1	201010156	1	1.32;0.3;102050101	1
201010156_2	201010156	2	1.76;0.3;102050101	1
201010156_3	201010156	3	2.11;0.3;102050101	1
201010156_4	201010156	4	2.74;0.3;102050101	1
201010156_5	201010156	5	3.84;0.3;102050101	1
201010156_6	201010156	6	5.76;0.3;102050101	1
201010157_1	201010157	1	0.72	1
201010157_2	201010157	2	0.9	1
201010157_3	201010157	3	1.2	1
201010158_1	201010158	1	0.58	1
201010158_2	201010158	2	0.72	1
201010158_3	201010158	3	0.96	1
201010159_1	201010159	1	1.65	1
201010159_2	201010159	2	2.31	1
201010159_3	201010159	3	2.77	1
201010159_4	201010159	4	3.6	1
201010159_5	201010159	5	5.05	1
201010159_6	201010159	6	7.57	1
201010160_1	201010160	1	1.32	1
201010160_2	201010160	2	1.85	1
201010160_3	201010160	3	2.22	1
201010160_4	201010160	4	2.88	1
201010160_5	201010160	5	4.04	1
201010160_6	201010160	6	6.05	1
201010161_1	201010161	1	0.72;0.3;102050101	1
201010161_2	201010161	2	0.9;0.3;102050101	1
201010161_3	201010161	3	1.2;0.3;102050101	1
201010162_1	201010162	1	0.58;0.3;102050101	1
201010162_2	201010162	2	0.72;0.3;102050101	1
201010162_3	201010162	3	0.96;0.3;102050101	1
201010163_1	201010163	1	1.65;0.3;102050101	1
201010163_2	201010163	2	1.98;0.3;102050101	1
201010163_3	201010163	3	2.37;0.3;102050101	1
201010163_4	201010163	4	3.08;0.3;102050101	1
201010163_5	201010163	5	4.32;0.3;102050101	1
201010163_6	201010163	6	6.48;0.3;102050101	1
201010164_1	201010164	1	1.32;0.3;102050101	1
201010164_2	201010164	2	1.76;0.3;102050101	1
201010164_3	201010164	3	2.11;0.3;102050101	1
201010164_4	201010164	4	2.74;0.3;102050101	1
201010164_5	201010164	5	3.84;0.3;102050101	1
201010164_6	201010164	6	5.76;0.3;102050101	1
201010165_1	201010165	1	1.2	1
201010165_2	201010165	2	1.2	1
201010165_3	201010165	3	1.2	1
201010166_1	201010166	1	0.9	1
201010166_2	201010166	2	0.9	1
201010166_3	201010166	3	0.9	1
201010171_1	201010171	1	1.2	1
201010171_2	201010171	2	1.2	1
201010171_3	201010171	3	1.5	1
201010172_1	201010172	1	1.75	1
201010172_2	201010172	2	1.75	1
201010172_3	201010172	3	1.75	1
201010172_4	201010172	4	1.75	1
201010201_1	201010201	1	1.8	1
201010201_2	201010201	2	2.3	1
201010201_3	201010201	3	3	1
201010202_1	201010202	1	1.44	1
201010202_2	201010202	2	1.84	1
201010202_3	201010202	3	2.4	1
201010203_1	201010203	1	4.12	1
201010203_2	201010203	2	4.53	1
201010203_3	201010203	3	4.94	1
201010203_4	201010203	4	5.36	1
201010203_5	201010203	5	5.77	1
201010203_6	201010203	6	6.18	1
201010204_1	201010204	1	3.3	1
201010204_2	201010204	2	3.63	1
201010204_3	201010204	3	3.96	1
201010204_4	201010204	4	4.29	1
201010204_5	201010204	5	4.62	1
201010204_6	201010204	6	4.95	1
201010205_1	201010205	1	1.4	1
201010205_2	201010205	2	1.4	1
201010205_3	201010205	3	1.4	1
201010206_1	201010206	1	1.12	1
201010206_2	201010206	2	1.12	1
201010206_3	201010206	3	1.12	1
201010207_1	201010207	1	3.21	1
201010207_2	201010207	2	3.53	1
201010207_3	201010207	3	3.85	1
201010207_4	201010207	4	4.17	1
201010207_5	201010207	5	4.49	1
201010207_6	201010207	6	4.82	1
201010208_1	201010208	1	2.56	1
201010208_2	201010208	2	2.82	1
201010208_3	201010208	3	3.07	1
201010208_4	201010208	4	3.33	1
201010208_5	201010208	5	3.58	1
201010208_6	201010208	6	3.84	1
201010301_1	201010301	1	0.25	1
201010301_2	201010301	2	0.35	1
201010301_3	201010301	3	0.45	1
201010302_1	201010302	1	0.2	1
201010302_2	201010302	2	0.28	1
201010302_3	201010302	3	0.36	1
201010303_1	201010303	1	0.57	1
201010303_2	201010303	2	0.63	1
201010303_3	201010303	3	0.68	1
201010303_4	201010303	4	0.74	1
201010303_5	201010303	5	0.8	1
201010303_6	201010303	6	0.86	1
201010304_1	201010304	1	0.46	1
201010304_2	201010304	2	0.51	1
201010304_3	201010304	3	0.55	1
201010304_4	201010304	4	0.6	1
201010304_5	201010304	5	0.64	1
201010304_6	201010304	6	0.69	1
201020101_1	201020101	1	0.87	1
201020101_2	201020101	2	1.14	1
201020101_3	201020101	3	1.44	1
201020102_1	201020102	1	0.61	1
201020102_2	201020102	2	0.8	1
201020102_3	201020102	3	1.01	1
201020103_1	201020103	1	1.74	1
201020103_2	201020103	2	1.91	1
201020103_3	201020103	3	2.09	1
201020103_4	201020103	4	2.26	1
201020103_5	201020103	5	2.44	1
201020103_6	201020103	6	2.61	1
201020104_1	201020104	1	1.39	1
201020104_2	201020104	2	1.53	1
201020104_3	201020104	3	1.67	1
201020104_4	201020104	4	1.81	1
201020104_5	201020104	5	1.95	1
201020104_6	201020104	6	2.09	1
201120501_1	201120501	1	0.1;1.5	1
201020501_2	201020501	2	0.1;1.5	1
201020501_3	201020501	3	0.1;1.5	1
201020501_4	201020501	4	0.1;1.5	1
201020501_5	201020501	5	0.1;1.5	1
201020501_6	201020501	6	0.1;1.5	1
201030101_1	201030101	1	0.95	1
201030101_2	201030101	2	1.25	1
201030101_3	201030101	3	1.67	1
201030102_1	201030102	1	0.71	1
201030102_2	201030102	2	0.94	1
201030102_3	201030102	3	1.25	1
201030103_1	201030103	1	2.18	1
201030103_2	201030103	2	2.4	1
201030103_3	201030103	3	2.62	1
201030103_4	201030103	4	2.83	1
201030103_5	201030103	5	3.05	1
201030103_6	201030103	6	3.27	1
201030104_1	201030104	1	1.74	1
201030104_2	201030104	2	1.91	1
201030104_3	201030104	3	2.09	1
201030104_4	201030104	4	2.26	1
201030104_5	201030104	5	2.44	1
201030104_6	201030104	6	2.61	1
201040101_1	201040101	1	0.95	1
201040101_2	201040101	2	1.13	1
201040101_3	201040101	3	1.51	1
201040102_1	201040102	1	0.71	1
201040102_2	201040102	2	0.85	1
201040102_3	201040102	3	1.13	1
201040103_1	201040103	1	2.18	1
201040103_2	201040103	2	2.4	1
201040103_3	201040103	3	2.62	1
201040103_4	201040103	4	2.83	1
201040103_5	201040103	5	3.05	1
201040103_6	201040103	6	3.27	1
201040104_1	201040104	1	1.74	1
201040104_2	201040104	2	1.92	1
201040104_3	201040104	3	2.09	1
201040104_4	201040104	4	2.27	1
201040104_5	201040104	5	2.44	1
201040104_6	201040104	6	2.62	1
201050101_1	201050101	1	0.88	1
201050101_2	201050101	2	1.03	1
201050101_3	201050101	3	1.37	1
201050102_1	201050102	1	0.7	1
201050102_2	201050102	2	0.85	1
201050102_3	201050102	3	1.14	1
201050103_1	201050103	1	2.22	1
201050103_2	201050103	2	2.44	1
201050103_3	201050103	3	2.66	1
201050103_4	201050103	4	2.89	1
201050103_5	201050103	5	3.11	1
201050103_6	201050103	6	3.33	1
201050104_1	201050104	1	1.78	1
201050104_2	201050104	2	1.96	1
201050104_3	201050104	3	2.14	1
201050104_4	201050104	4	2.31	1
201050104_5	201050104	5	2.49	1
201050104_6	201050104	6	2.67	1
201060101_1	201060101	1	0.95	1
201060101_2	201060101	2	1	1
201060101_3	201060101	3	1.25	1
201060102_1	201060102	1	0.76	1
201060102_2	201060102	2	0.8	1
201060102_3	201060102	3	1	1
201060103_1	201060103	1	2.18	1
201060103_2	201060103	2	2.4	1
201060103_3	201060103	3	2.62	1
201060103_4	201060103	4	2.83	1
201060103_5	201060103	5	3.05	1
201060103_6	201060103	6	3.27	1
201060104_1	201060104	1	1.74	1
201060104_2	201060104	2	1.92	1
201060104_3	201060104	3	2.09	1
201060104_4	201060104	4	2.27	1
201060104_5	201060104	5	2.44	1
201060104_6	201060104	6	2.62	1
201070101_1	201070101	1	0.94	1
201070101_2	201070101	2	1.13	1
201070101_3	201070101	3	1.5	1
201070102_1	201070102	1	0.71	1
201070102_2	201070102	2	0.85	1
201070102_3	201070102	3	1.12	1
201070103_1	201070103	1	2.15	1
201070103_2	201070103	2	2.37	1
201070103_3	201070103	3	2.58	1
201070103_4	201070103	4	2.8	1
201070103_5	201070103	5	3.01	1
201070103_6	201070103	6	3.23	1
201070104_1	201070104	1	1.72	1
201070104_2	201070104	2	1.89	1
201070104_3	201070104	3	2.06	1
201070104_4	201070104	4	2.24	1
201070104_5	201070104	5	2.41	1
201070104_6	201070104	6	2.58	1
201080101_1	201080101	1	0.95	1
201080101_2	201080101	2	1.2	1
201080101_3	201080101	3	1.6	1
201080102_1	201080102	1	0.71	1
201080102_2	201080102	2	0.9	1
201080102_3	201080102	3	1.2	1
201080103_1	201080103	1	2.18	1
201080103_2	201080103	2	2.4	1
201080103_3	201080103	3	2.62	1
201080103_4	201080103	4	2.83	1
201080103_5	201080103	5	3.05	1
201080103_6	201080103	6	3.27	1
201080104_1	201080104	1	1.74	1
201080104_2	201080104	2	1.91	1
201080104_3	201080104	3	2.09	1
201080104_4	201080104	4	2.26	1
201080104_5	201080104	5	2.44	1
201080104_6	201080104	6	2.61	1
201090101_1	201090101	1	0.94	1
201090101_2	201090101	2	1.13	1
201090101_3	201090101	3	1.5	1
201090102_1	201090102	1	0.71	1
201090102_2	201090102	2	0.85	1
201090102_3	201090102	3	1.12	1
201090103_1	201090103	1	2.15	1
201090103_2	201090103	2	2.37	1
201090103_3	201090103	3	2.58	1
201090103_4	201090103	4	2.8	1
201090103_5	201090103	5	3.01	1
201090103_6	201090103	6	3.23	1
201090104_1	201090104	1	1.72	1
201090104_2	201090104	2	1.89	1
201090104_3	201090104	3	2.06	1
201090104_4	201090104	4	2.24	1
201090104_5	201090104	5	2.41	1
201090104_6	201090104	6	2.58	1
201100101_1	201100101	1	0.8	1
201100101_2	201100101	2	0.93	1
201100101_3	201100101	3	1.25	1
201100102_1	201100102	1	0.6	1
201100102_2	201100102	2	0.7	1
201100102_3	201100102	3	0.93	1
201100103_1	201100103	1	1.95	1
201100103_2	201100103	2	2.15	1
201100103_3	201100103	3	2.34	1
201100103_4	201100103	4	2.54	1
201100103_5	201100103	5	2.73	1
201100103_6	201100103	6	2.93	1
201100104_1	201100104	1	1.56	1
201100104_2	201100104	2	1.72	1
201100104_3	201100104	3	1.87	1
201100104_4	201100104	4	2.03	1
201100104_5	201100104	5	2.18	1
201100104_6	201100104	6	2.34	1
201110101_1	201110101	1	0.95	1
201110101_2	201110101	2	1.2	1
201110101_3	201110101	3	1.6	1
201110102_1	201110102	1	0.71	1
201110102_2	201110102	2	0.9	1
201110102_3	201110102	3	1.2	1
201110103_1	201110103	1	2.18	1
201110103_2	201110103	2	2.4	1
201110103_3	201110103	3	2.62	1
201110103_4	201110103	4	2.83	1
201110103_5	201110103	5	3.05	1
201110103_6	201110103	6	3.27	1
201110104_1	201110104	1	1.74	1
201110104_2	201110104	2	1.91	1
201110104_3	201110104	3	2.09	1
201110104_4	201110104	4	2.26	1
201110104_5	201110104	5	2.44	1
201110104_6	201110104	6	2.61	1
201120101_1	201120101	1	0.95	1
201120101_2	201120101	2	1.28	1
201120101_3	201120101	3	1.92	1
201120102_1	201120102	1	0.71	1
201120102_2	201120102	2	0.96	1
201120102_3	201120102	3	1.44	1
201120103_1	201120103	1	2.18	1
201120103_2	201120103	2	2.4	1
201120103_3	201120103	3	2.62	1
201120103_4	201120103	4	2.83	1
201120103_5	201120103	5	3.05	1
201120103_6	201120103	6	3.27	1
201120104_1	201120104	1	1.74	1
201120104_2	201120104	2	1.91	1
201120104_3	201120104	3	2.09	1
201120104_4	201120104	4	2.26	1
201120104_5	201120104	5	2.44	1
201120104_6	201120104	6	2.61	1
201210501_1	201210501	1	0.1;1.5	1
201210501_2	201210501	2	0.1;1.5	1
201210501_3	201210501	3	0.1;1.5	1
201210501_4	201210501	4	0.1;1.5	1
201210501_5	201210501	5	0.1;1.5	1
201210501_6	201210501	6	0.1;1.5	1
201130101_1	201130101	1	1.05	1
201130101_2	201130101	2	1.25	1
201130101_3	201130101	3	1.67	1
201130102_1	201130102	1	0.79	1
201130102_2	201130102	2	0.94	1
201130102_3	201130102	3	1.25	1
201130103_1	201130103	1	2.4	1
201130103_2	201130103	2	2.64	1
201130103_3	201130103	3	2.88	1
201130103_4	201130103	4	3.12	1
201130103_5	201130103	5	3.36	1
201130103_6	201130103	6	3.6	1
201130104_1	201130104	1	1.92	1
201130104_2	201130104	2	2.11	1
201130104_3	201130104	3	2.3	1
201130104_4	201130104	4	2.5	1
201130104_5	201130104	5	2.69	1
201130104_6	201130104	6	2.88	1
201140101_1	201140101	1	1.05	1
201140101_2	201140101	2	1.25	1
201140101_3	201140101	3	1.67	1
201140102_1	201140102	1	0.79	1
201140102_2	201140102	2	0.94	1
201140102_3	201140102	3	1.25	1
201140103_1	201140103	1	2.4	1
201140103_2	201140103	2	2.64	1
201140103_3	201140103	3	2.88	1
201140103_4	201140103	4	3.12	1
201140103_5	201140103	5	3.36	1
201140103_6	201140103	6	3.6	1
201140104_1	201140104	1	1.92	1
201140104_2	201140104	2	2.11	1
201140104_3	201140104	3	2.3	1
201140104_4	201140104	4	2.5	1
201140104_5	201140104	5	2.69	1
201140104_6	201140104	6	2.88	1
201150101_1	201150101	1	0.98	1
201150101_2	201150101	2	1.2	1
201150101_3	201150101	3	1.6	1
201150102_1	201150102	1	0.74	1
201150102_2	201150102	2	0.9	1
201150102_3	201150102	3	1.2	1
201150103_1	201150103	1	2.24	1
201150103_2	201150103	2	2.46	1
201150103_3	201150103	3	2.69	1
201150103_4	201150103	4	2.91	1
201150103_5	201150103	5	3.14	1
201150103_6	201150103	6	3.36	1
201150104_1	201150104	1	1.8	1
201150104_2	201150104	2	1.98	1
201150104_3	201150104	3	2.16	1
201150104_4	201150104	4	2.34	1
201150104_5	201150104	5	2.52	1
201150104_6	201150104	6	2.7	1
201160101_1	201160101	1	0.98	1
201160101_2	201160101	2	1.2	1
201160101_3	201160101	3	1.6	1
201160102_1	201160102	1	0.74	1
201160102_2	201160102	2	0.9	1
201160102_3	201160102	3	1.2	1
201160103_1	201160103	1	2.24	1
201160103_2	201160103	2	2.46	1
201160103_3	201160103	3	2.69	1
201160103_4	201160103	4	2.91	1
201160103_5	201160103	5	3.14	1
201160103_6	201160103	6	3.36	1
201160104_1	201160104	1	1.8	1
201160104_2	201160104	2	1.98	1
201160104_3	201160104	3	2.16	1
201160104_4	201160104	4	2.34	1
201160104_5	201160104	5	2.52	1
201160104_6	201160104	6	2.7	1
201170101_1	201170101	1	0.98	1
201170101_2	201170101	2	1.2	1
201170101_3	201170101	3	1.6	1
201170102_1	201170102	1	0.74	1
201170102_2	201170102	2	0.9	1
201170102_3	201170102	3	1.2	1
201170103_1	201170103	1	2.24	1
201170103_2	201170103	2	2.46	1
201170103_3	201170103	3	2.69	1
201170103_4	201170103	4	2.91	1
201170103_5	201170103	5	3.14	1
201170103_6	201170103	6	3.36	1
201170104_1	201170104	1	1.8	1
201170104_2	201170104	2	1.98	1
201170104_3	201170104	3	2.16	1
201170104_4	201170104	4	2.34	1
201170104_5	201170104	5	2.52	1
201170104_6	201170104	6	2.7	1
201180101_1	201180101	1	0.9	1
201180101_2	201180101	2	1.15	1
201180101_3	201180101	3	1.53	1
201180102_1	201180102	1	0.68	1
201180102_2	201180102	2	0.86	1
201180102_3	201180102	3	1.15	1
201180103_1	201180103	1	2.06	1
201180103_2	201180103	2	2.27	1
201180103_3	201180103	3	2.47	1
201180103_4	201180103	4	2.68	1
201180103_5	201180103	5	2.88	1
201180103_6	201180103	6	3.09	1
201180104_1	201180104	1	1.65	1
201180104_2	201180104	2	1.82	1
201180104_3	201180104	3	1.98	1
201180104_4	201180104	4	2.15	1
201180104_5	201180104	5	2.31	1
201180104_6	201180104	6	2.48	1
201190101_1	201190101	1	0.9	1
201190101_2	201190101	2	1.13	1
201190101_3	201190101	3	1.5	1
201190102_1	201190102	1	0.68	1
201190102_2	201190102	2	0.85	1
201190102_3	201190102	3	1.13	1
201190103_1	201190103	1	2.06	1
201190103_2	201190103	2	2.27	1
201190103_3	201190103	3	2.47	1
201190103_4	201190103	4	2.68	1
201190103_5	201190103	5	2.88	1
201190103_6	201190103	6	3.09	1
201190104_1	201190104	1	1.65	1
201190104_2	201190104	2	1.82	1
201190104_3	201190104	3	1.98	1
201190104_4	201190104	4	2.15	1
201190104_5	201190104	5	2.31	1
201190104_6	201190104	6	2.48	1
201200101_1	201200101	1	0.95	1
201200101_2	201200101	2	1.2	1
201200101_3	201200101	3	1.6	1
201200102_1	201200102	1	0.71	1
201200102_2	201200102	2	0.9	1
201200102_3	201200102	3	1.2	1
201200103_1	201200103	1	2.18	1
201200103_2	201200103	2	2.4	1
201200103_3	201200103	3	2.62	1
201200103_4	201200103	4	2.83	1
201200103_5	201200103	5	3.05	1
201200103_6	201200103	6	3.27	1
201200104_1	201200104	1	1.74	1
201200104_2	201200104	2	1.91	1
201200104_3	201200104	3	2.09	1
201200104_4	201200104	4	2.26	1
201200104_5	201200104	5	2.44	1
201200104_6	201200104	6	2.61	1
201221001_1	201221001	1	0.05;999999999	1
201221001_2	201221001	2	0.1;999999999	1
201221001_3	201221001	3	0.16;999999999	1
201221001_4	201221001	4	0.23;999999999	1
201221001_5	201221001	5	0.31;999999999	1
201221001_6	201221001	6	0.4;999999999	1
202010101_1	202010101	1	1.08	1
202010101_2	202010101	2	1.35	1
202010101_3	202010101	3	1.8	1
202010102_1	202010102	1	0.65	1
202010102_2	202010102	2	0.81	1
202010102_3	202010102	3	1.08	1
202010103_1	202010103	1	2.47	1
202010103_2	202010103	2	2.72	1
202010103_3	202010103	3	2.96	1
202010103_4	202010103	4	3.21	1
202010103_5	202010103	5	3.46	1
202010103_6	202010103	6	3.71	1
202010104_1	202010104	1	1.48	1
202010104_2	202010104	2	1.63	1
202010104_3	202010104	3	1.78	1
202010104_4	202010104	4	1.93	1
202010104_5	202010104	5	2.07	1
202010104_6	202010104	6	2.22	1
202010105_1	202010105	1	0.76	1
202010105_2	202010105	2	0.95	1
202010105_3	202010105	3	1.26	1
202010106_1	202010106	1	0.57	1
202010106_2	202010106	2	0.71	1
202010106_3	202010106	3	0.94	1
202010107_1	202010107	1	1.74	1
202010107_2	202010107	2	1.91	1
202010107_3	202010107	3	2.09	1
202010107_4	202010107	4	2.26	1
202010107_5	202010107	5	2.44	1
202010107_6	202010107	6	2.61	1
202010108_1	202010108	1	1.39	1
202010108_2	202010108	2	1.53	1
202010108_3	202010108	3	1.67	1
202010108_4	202010108	4	1.81	1
202010108_5	202010108	5	1.95	1
202010108_6	202010108	6	2.09	1
202010201_1	202010201	1	0.25	1
202010201_2	202010201	2	0.35	1
202010201_3	202010201	3	0.45	1
202010202_1	202010202	1	0.18	1
202010202_2	202010202	2	0.25	1
202010202_3	202010202	3	0.32	1
202010203_1	202010203	1	0.57	1
202010203_2	202010203	2	0.63	1
202010203_3	202010203	3	0.68	1
202010203_4	202010203	4	0.74	1
202010203_5	202010203	5	0.8	1
202010203_6	202010203	6	0.86	1
202010204_1	202010204	1	0.46	1
202010204_2	202010204	2	0.51	1
202010204_3	202010204	3	0.55	1
202010204_4	202010204	4	0.6	1
202010204_5	202010204	5	0.64	1
202010204_6	202010204	6	0.69	1
202010205_1	202010205	1	0.18	1
202010205_2	202010205	2	0.25	1
202010205_3	202010205	3	0.32	1
202010206_1	202010206	1	0.14	1
202010206_2	202010206	2	0.2	1
202010206_3	202010206	3	0.26	1
202010207_1	202010207	1	0.41	1
202010207_2	202010207	2	0.45	1
202010207_3	202010207	3	0.49	1
202010207_4	202010207	4	0.53	1
202010207_5	202010207	5	0.57	1
202010207_6	202010207	6	0.62	1
202010208_1	202010208	1	0.33	1
202010208_2	202010208	2	0.36	1
202010208_3	202010208	3	0.4	1
202010208_4	202010208	4	0.43	1
202010208_5	202010208	5	0.46	1
202010208_6	202010208	6	0.5	1
206020101_1	206020101	1	1	1
206020101_2	206020101	2	1	1
206020101_3	206020101	3	1	1
206020101_4	206020101	4	1	1
206020101_5	206020101	5	1	1
206020101_6	206020101	6	1	1
206020102_1	206020102	1	2	1
206020102_2	206020102	2	2	1
206020102_3	206020102	3	2	1
206020102_4	206020102	4	2	1
206020102_5	206020102	5	2	1
206020102_6	206020102	6	2	1
206020103_1	206020103	1	3	1
206020103_2	206020103	2	3	1
206020103_3	206020103	3	3	1
206020103_4	206020103	4	3	1
206020103_5	206020103	5	3	1
206020103_6	206020103	6	3	1
206020104_1	206020104	1	4	1
206020104_2	206020104	2	4	1
206020104_3	206020104	3	4	1
206020104_4	206020104	4	4	1
206020104_5	206020104	5	4	1
206020104_6	206020104	6	4	1
206020105_1	206020105	1	999	1
206020105_2	206020105	2	999	1
206020105_3	206020105	3	999	1
206020105_4	206020105	4	999	1
206020105_5	206020105	5	999	1
206020105_6	206020105	6	999	1
206020106_1	206020106	1	1	1
206020106_2	206020106	2	1	1
206020106_3	206020106	3	1	1
206020106_4	206020106	4	1	1
206020106_5	206020106	5	1	1
206020106_6	206020106	6	1	1
206020107_1	206020107	1	2	1
206020107_2	206020107	2	2	1
206020107_3	206020107	3	2	1
206020107_4	206020107	4	2	1
206020107_5	206020107	5	2	1
206020107_6	206020107	6	2	1
206020108_1	206020108	1	3	1
206020108_2	206020108	2	3	1
206020108_3	206020108	3	3	1
206020108_4	206020108	4	3	1
206020108_5	206020108	5	3	1
206020108_6	206020108	6	3	1
206020109_1	206020109	1	4	1
206020109_2	206020109	2	4	1
206020109_3	206020109	3	4	1
206020109_4	206020109	4	4	1
206020109_5	206020109	5	4	1
206020109_6	206020109	6	4	1
206020110_1	206020110	1	999	1
206020110_2	206020110	2	999	1
206020110_3	206020110	3	999	1
206020110_4	206020110	4	999	1
206020110_5	206020110	5	999	1
206020110_6	206020110	6	999	1
206020111_1	206020111	1	1	1
206020111_2	206020111	2	2	1
206020111_3	206020111	3	4	1
206020112_1	206020112	1	1	1
206020112_2	206020112	2	2	1
206020112_3	206020112	3	4	1
206020113_1	206020113	1	1	1
206020113_2	206020113	2	2	1
206030101_1	206030101	1	1	1
206030101_2	206030101	2	1	1
206030101_3	206030101	3	1	1
206030101_4	206030101	4	1	1
206030101_5	206030101	5	1	1
206030101_6	206030101	6	1	1
206030102_1	206030102	1	2	1
206030102_2	206030102	2	2	1
206030102_3	206030102	3	2	1
206030102_4	206030102	4	2	1
206030102_5	206030102	5	2	1
206030102_6	206030102	6	2	1
206030103_1	206030103	1	3	1
206030103_2	206030103	2	3	1
206030103_3	206030103	3	3	1
206030103_4	206030103	4	3	1
206030103_5	206030103	5	3	1
206030103_6	206030103	6	3	1
206030103_7	206030103	7	3	1
206030104_1	206030104	1	4	1
206030104_2	206030104	2	4	1
206030104_3	206030104	3	4	1
206030104_4	206030104	4	4	1
206030104_5	206030104	5	4	1
206030104_6	206030104	6	4	1
206030105_1	206030105	1	999	1
206030105_2	206030105	2	999	1
206030105_3	206030105	3	999	1
206030105_4	206030105	4	999	1
206030105_5	206030105	5	999	1
206030105_6	206030105	6	999	1
206030106_1	206030106	1	1	1
206030106_2	206030106	2	1	1
206030106_3	206030106	3	1	1
206030106_4	206030106	4	1	1
206030106_5	206030106	5	1	1
206030106_6	206030106	6	1	1
206030107_1	206030107	1	2	1
206030107_2	206030107	2	2	1
206030107_3	206030107	3	2	1
206030107_4	206030107	4	2	1
206030107_5	206030107	5	2	1
206030107_6	206030107	6	2	1
206030109_1	206030109	1	4	1
206030109_2	206030109	2	4	1
206030109_3	206030109	3	4	1
206030109_4	206030109	4	4	1
206030109_5	206030109	5	4	1
206030109_6	206030109	6	4	1
206030110_1	206030110	1	999	1
206030110_2	206030110	2	999	1
206030110_3	206030110	3	999	1
206030110_4	206030110	4	999	1
206030110_5	206030110	5	999	1
206030110_6	206030110	6	999	1
206030111_1	206030111	1	1	1
206030111_2	206030111	2	2	1
206030111_3	206030111	3	4	1
206030112_1	206030112	1	1	1
206030112_2	206030112	2	2	1
206030112_3	206030112	3	4	1
206030113_1	206030113	1	1	1
206030113_2	206030113	2	2	1
206030114_1	206030114	1	2	1
206030114_2	206030114	2	3	1
206030114_3	206030114	3	5	1
210010101_1	210010101	1	1	1
210010101_2	210010101	2	1	1
210010101_3	210010101	3	1	1
210010101_4	210010101	4	1	1
210010101_5	210010101	5	1	1
210010101_6	210010101	6	1	1
210010102_1	210010102	1	2	1
210010102_2	210010102	2	2	1
210010102_3	210010102	3	2	1
210010102_4	210010102	4	2	1
210010102_5	210010102	5	2	1
210010102_6	210010102	6	2	1
210010103_1	210010103	1	3	1
210010103_2	210010103	2	3	1
210010103_3	210010103	3	3	1
210010103_4	210010103	4	3	1
210010103_5	210010103	5	3	1
210010103_6	210010103	6	3	1
210010103_7	210010103	7	3	1
210010104_1	210010104	1	4	1
210010104_2	210010104	2	4	1
210010104_3	210010104	3	4	1
210010104_4	210010104	4	4	1
210010104_5	210010104	5	4	1
210010104_6	210010104	6	4	1
210010105_1	210010105	1	5	1
210010105_2	210010105	2	5	1
210010105_3	210010105	3	5	1
210010105_4	210010105	4	5	1
210010105_5	210010105	5	5	1
210010105_6	210010105	6	5	1
210010106_1	210010106	1	-1	1
210010106_2	210010106	2	-1	1
210010106_3	210010106	3	-1	1
210010106_4	210010106	4	-1	1
210010106_5	210010106	5	-1	1
210010106_6	210010106	6	-1	1
210010107_1	210010107	1	-2	1
210010107_2	210010107	2	-2	1
210010107_3	210010107	3	-2	1
210010107_4	210010107	4	-2	1
210010107_5	210010107	5	-2	1
210010107_6	210010107	6	-2	1
210010108_1	210010108	1	-3	1
210010108_2	210010108	2	-3	1
210010108_3	210010108	3	-3	1
210010108_4	210010108	4	-3	1
210010108_5	210010108	5	-3	1
210010108_6	210010108	6	-3	1
210010109_1	210010109	1	-4	1
210010109_2	210010109	2	-4	1
210010109_3	210010109	3	-4	1
210010109_4	210010109	4	-4	1
210010109_5	210010109	5	-4	1
210010109_6	210010109	6	-4	1
210010110_1	210010110	1	-9	1
210010110_2	210010110	2	-9	1
210010110_3	210010110	3	-9	1
210010110_4	210010110	4	-9	1
210010110_5	210010110	5	-9	1
210010110_6	210010110	6	-9	1
210010111_1	210010111	1	-1	1
210010111_2	210010111	2	-1	1
210010111_3	210010111	3	-3	1
210010112_1	210010112	1	2	1
210010112_2	210010112	2	2	1
210010112_3	210010112	3	2	1
210010112_4	210010112	4	2	1
210010112_5	210010112	5	2	1
210010112_6	210010112	6	2	1
210010112_7	210010112	7	2	1
210010113_1	210010113	1	2	1
210010113_2	210010113	2	3	1
210010114_1	210010114	1	0	1
210010114_2	210010114	2	1	1
210010114_3	210010114	3	2	1
208010102_1	208010102	1	1	1
208010102_2	208010102	2	1	1
208010102_3	208010102	3	1	1
208010102_4	208010102	4	1	1
204010101_1	204010101	1	104010101	1
204010101_2	204010101	2	104010101	1
204010101_3	204010101	3	104010101	1
204010101_4	204010101	4	104010101	1
204010101_5	204010101	5	104010101	1
204010101_6	204010101	6	104010101	1
204020101_1	204020101	1	102020101	1
204020101_2	204020101	2	102020101	1
204020101_3	204020101	3	102020101	1
204020101_4	204020101	4	102020101	1
204020101_5	204020101	5	102020101	1
204020101_6	204020101	6	102020101	1
204020102_1	204020102	1	102020102	1
204020102_2	204020102	2	102020102	1
204020102_3	204020102	3	102020102	1
204020102_4	204020102	4	102020102	1
204020102_5	204020102	5	102020102	1
204020102_6	204020102	6	102020102	1
204020103_1	204020103	1	102020103	1
204020103_2	204020103	2	102020103	1
204020103_3	204020103	3	102020103	1
204020103_4	204020103	4	102020103	1
204020103_5	204020103	5	102020103	1
204020103_6	204020103	6	102020103	1
204030101_1	204030101	1	104030101	1
204030101_2	204030101	2	104030101	1
204030101_3	204030101	3	104030101	1
204030101_4	204030101	4	104030101	1
204030101_5	204030101	5	104030101	1
204030101_6	204030101	6	104030101	1
212010351_1	212010351	1	1;1;4;1	1
209010151_1	209010151	1	0	1
201120551_1	201120551	1	0.1;1.5	1
201120552_1	201120552	1	0.08;99999	1
202010209_1	202010209	1	0.03	1
202010209_2	202010209	2	0.035	1
202010209_3	202010209	3	0.04	1
202010209_4	202010209	4	0.045	1
202010209_5	202010209	5	0.05	1
202010209_6	202010209	6	0.055	1
202010209_7	202010209	7	0.06	1
201211051_1	201211051	1	1;1;0;2	1
201211052_1	201211052	1	1;1;2;1;1;1	1
201211053_1	201211053	1	1;1;1;1;1;1	1
201211059_1	201211059	1	1;3;6;1;1;1;1	1
201110051_1	201110051	1	0.7;104016051;0;0	1
206040101_1	206040101	1	111100203;1	1
206040101_2	206040101	2	111100203;1	1
206040101_3	206040101	3	111100203;1	1
206040102_1	206040102	1	111100208;1	1
206040102_2	206040102	2	111100208;1	1
206040102_3	206040102	3	111100208;1	1
206040102_4	206040102	4	111100208;1	1
206040102_5	206040102	5	111100208;1	1
206040102_6	206040102	6	111100208;1	1
201010167_1	201010167	1	2.95	1
201010167_2	201010167	2	2.95	1
201010167_3	201010167	3	2.95	1
201010167_4	201010167	4	2.95	1
202010451_1	202010451	1	0.1	1
201020151_1	201020151	1	0.2	1
201190151_1	201190151	1	0.65	1
214010301_1	214010301	1	0.1	1
214010401_1	214010401	1	0.3	1
201230101_1	201230101	1	2	1
219010152_1	219010152	1	0	1
209010152_1	209010152	1	0	1
209010153_1	209010153	1	108003057;1	1
202010251_1	202010251	1	0.25	1
202010252_1	202010252	1	0.15	1
202010299_1	202010299	1	0.2	1
215010151_1	215010151	1	3	1
215010152_1	215010152	1	1	1
215010153_1	215010153	1	2	1
40100101_1	40100101	1	0.43	1
40100102_1	40100102	1	0.52	1
40100103_1	40100103	1	0.6	1
40100104_1	40100104	1	0.65	1
40100105_1	40100105	1	0.19	1
40100106_1	40100106	1	0.23	1
40100107_1	40100107	1	0.27	1
40100108_1	40100108	1	0.29	1
40100109_1	40100109	1	0.6	1
40100110_1	40100110	1	0.72	1
40100111_1	40100111	1	0.84	1
40100112_1	40100112	1	0.9	1
40100113_1	40100113	1	0.25	1
40100114_1	40100114	1	0.3	1
40100115_1	40100115	1	0.35	1
40100116_1	40100116	1	0.375	1
40100117_1	40100117	1	0.8	1
40100118_1	40100118	1	0.96	1
40100119_1	40100119	1	1.12	1
40100120_1	40100120	1	1.2	1
40100121_1	40100121	1	0.3	1
40100122_1	40100122	1	0.36	1
40100123_1	40100123	1	0.42	1
40100124_1	40100124	1	0.45	1
40100125_1	40100125	1	0.5	1
40100126_1	40100126	1	0.6	1
40100127_1	40100127	1	0.7	1
40100128_1	40100128	1	0.75	1
40100129_1	40100129	1	0.04	1
40100130_1	40100130	1	0.06	1
40100131_1	40100131	1	0.08	1
40100132_1	40100132	1	0.1	1
40100133_1	40100133	1	0.04	1
40100134_1	40100134	1	0.06	1
40100135_1	40100135	1	0.08	1
40100136_1	40100136	1	0.1	1
40100137_1	40100137	1	0.04	1
40100138_1	40100138	1	0.06	1
40100139_1	40100139	1	0.08	1
40100140_1	40100140	1	0.1	1
40101101_1	40101101	1	0.05	1
40101101_2	40101101	2	0.07	1
40101101_3	40101101	3	0.09	1
40101101_4	40101101	4	0.1	1
40100141_1	40100141	1	0.3;600	1
40100142_1	40100142	1	0.32;700	1
40100143_1	40100143	1	0.34;800	1
40100144_1	40100144	1	0.35;900	1
40200101_1	40200101	1	0.19	1
40200102_1	40200102	1	0.23	1
40200103_1	40200103	1	0.27	1
40200104_1	40200104	1	0.29	1
40200105_1	40200105	1	0.26	1
40200106_1	40200106	1	0.31	1
40200107_1	40200107	1	0.36	1
40200108_1	40200108	1	0.39	1
40200109_1	40200109	1	0.19	1
40200110_1	40200110	1	0.23	1
40200111_1	40200111	1	0.27	1
40200112_1	40200112	1	0.29	1
40200113_1	40200113	1	0.35	1
40200114_1	40200114	1	0.42	1
40200115_1	40200115	1	0.49	1
40200116_1	40200116	1	0.53	1
40200117_1	40200117	1	0.27	1
40200118_1	40200118	1	0.32	1
40200119_1	40200119	1	0.38	1
40200120_1	40200120	1	0.41	1
40200601_1	40200601	1	1	1
40200601_2	40200601	2	1	1
40200601_3	40200601	3	1	1
40200601_4	40200601	4	1	1
40200217_1	40200217	1	1	1
40200218_2	40200218	2	1	1
40200219_3	40200219	3	1	1
40200220_4	40200220	4	1	1
40200701_1	40200701	1	0.1	1
40200701_2	40200701	2	0.14	1
40200701_3	40200701	3	0.17	1
40200701_4	40200701	4	0.2	1
204050151_1	204050151	1	102221101	1
204050152_1	204050152	1	102221102	1
204050153_1	204050153	1	102221103	1
208010101_1	208010101	1	1	1
301010101_1	301010101	1	2.21	1
301010102_1	301010102	1	1.54	1
301010103_1	301010103	1	1.88	1
301010104_1	301010104	1	1.31	1
301010201_1	301010201	1	2.43	1
301010202_1	301010202	1	1.7	1
301020201_1	301020201	1	2.06	1
301020202_1	301020202	1	1.44	1
301010161_1	301010161	1	1.3;0.3;102010101	1
301010162_1	301010162	1	1.2;0.3;102010101	1
301010163_1	301010163	1	1.8;0.3;102010101	1
301010164_1	301010164	1	1.5;0.3;102010101	1
301020101_1	301020101	1	1.39	1
301020102_1	301020102	1	0.97	1
301020103_1	301020103	1	1.53	1
301020104_1	301020104	1	1.07	1
301030101_1	301030101	1	1.75	1
301030102_1	301030102	1	1.22	1
301030103_1	301030103	1	1.92	1
301030104_1	301030104	1	1.35	1
301040101_1	301040101	1	1.29	1
301040102_1	301040102	1	0.9	1
301040103_1	301040103	1	1.42	1
301040104_1	301040104	1	0.99	1
301050101_1	301050101	1	1.29	1
301050102_1	301050102	1	1.03	1
301050103_1	301050103	1	1.44	1
301050104_1	301050104	1	1.15	1
301060101_1	301060101	1	1.701149425	1
301060102_1	301060102	1	1.36	1
301060103_1	301060103	1	2.14	1
301060104_1	301060104	1	1.5	1
301070101_1	301070101	1	1.93	1
301070102_1	301070102	1	1.35	1
301070103_1	301070103	1	2.12	1
301070104_1	301070104	1	1.49	1
301090101_1	301090101	1	1.72	1
301090102_1	301090102	1	1.21	1
301090103_1	301090103	1	1.9	1
301090104_1	301090104	1	1.33	1
301100101_1	301100101	1	1.46	1
301100102_1	301100102	1	1.02	1
301100103_1	301100103	1	1.6	1
301100104_1	301100104	1	1.12	1
301110101_1	301110101	1	1.75	1
301110102_1	301110102	1	1.22	1
301110103_1	301110103	1	1.92	1
301110104_1	301110104	1	1.35	1
301120101_1	301120101	1	1.75	1
301120102_1	301120102	1	1.22	1
301120103_1	301120103	1	1.92	1
301120104_1	301120104	1	1.35	1
301130101_1	301130101	1	1.93	1
301130102_1	301130102	1	1.35	1
301130103_1	301130103	1	2.12	1
301130104_1	301130104	1	1.49	1
301150101_1	301150101	1	1.8	1
301150102_1	301150102	1	1.01	1
301150103_1	301150103	1	1.98	1
301150104_1	301150104	1	1.11	1
301180101_1	301180101	1	1.66	1
301180102_1	301180102	1	1.16	1
301180103_1	301180103	1	1.66	1
301180104_1	301180104	1	1.16	1
301190101_1	301190101	1	1.66	1
301190102_1	301190102	1	1.16	1
301190103_1	301190103	1	1.66	1
301190104_1	301190104	1	1.16	1
302010101_1	302010101	1	1.99	1
302010102_1	302010102	1	1.39	1
302010103_1	302010103	1	1.99	1
302010104_1	302010104	1	1.39	1
214010402_1	214010402	1	0.99	1
201221051_1	201221051	1	0.95;9999999	1
206040151_1	206040151	1	6500301;1	1
206040152_1	206040152	1	6500308;1	1
206040153_1	206040153	1	6500309;1	1
201211054_1	201211054	1	1;1;0;4	1
201211057_1	201211057	1	1;1;0;1	1
206040103_1	206040103	1	101018101;1	1
206040104_1	206040104	1	104022105;1	1
201211055_1	201211055	1	2;1;1;1;1;1	1
201211056_1	201211056	1	1;1;1;1;1;1	1
201210351_1	201210351	1	1;1;0;1	1
201210352_1	201210352	1	2;1;0;1	1
206040154_1	206040154	1	10701010;2	1
206040154_2	206040154	2	10701010;2	1
201010168_1	201010168	1	2.12	1
208010103_1	208010103	1	1	1
216010101_1	216010101	1	0;2;1	1
202010401_1	202010401	1	0.2	1
202010401_2	202010401	2	0.2	1
202010401_3	202010401	3	0.2	1
202010401_4	202010401	4	0.2	1
201010169_1	201010169	1	2.2	1
201010169_2	201010169	2	2.2	1
201010169_3	201010169	3	2.2	1
201010169_4	201010169	4	2.2	1
201010170_1	201010170	1	0.86	1
201010170_2	201010170	2	0.96	1
201010170_3	201010170	3	1.28	1
514018101_1	514018101	1	1	1
524018101_1	524018101	1	0.8	1
534018101_1	534018101	1	1.2	1
514005101_1	514005101	1	1.5	1
534005101_1	534005101	1	0.8	1
544005101_1	544005101	1	0.8	1
514004101_1	514004101	1	1	1
524004101_1	524004101	1	1.2	1
518006101_1	518006101	1	1	1
528006101_1	528006101	1	1.5	1
568006101_1	568006101	1	0.9	1
511009101_1	511009101	1	1.2	1
521009101_1	521009101	1	0.9	1
531009101_1	531009101	1	2.4	1
514008101_1	514008101	1	1.2	1
524008101_1	524008101	1	0.9	1
534008101_1	534008101	1	2.7	1
511041101_1	511041101	1	0.9	1
521041101_1	521041101	1	0.7	1
531041101_1	531041101	1	2.7	1
514021101_1	514021101	1	1.2	1
524021101_1	524021101	1	0.9	1
534021101_1	534021101	1	2.4	1
209010154_1	209010154	1	108010107;1	1
206040155_1	206040155	1	6600102;1	1
206040156_1	206040156	1	6600104;1	1
301010601_1	301010601	1	0.8;6	1
201010173_1	201010173	1	1	1
201010173_2	201010173	2	1	1
201010173_3	201010173	3	1	1
201010173_4	201010173	4	1	1
201210101_1	201210101	1	1.2	1
201210101_2	201210101	2	1.5	1
201210101_3	201210101	3	2	1
201010174_1	201010174	1	0.96	1
201010174_2	201010174	2	1.1	1
201010174_3	201010174	3	1.2	1
201010175_1	201010175	1	1.9	1
201010175_2	201010175	2	1.9	1
201010175_3	201010175	3	1.9	1
201010175_4	201010175	4	1.9	1
201210102_1	201210102	1	1.5;999999;3;99	1
201210102_2	201210102	2	1.5;999999;3;99	1
201210102_3	201210102	3	1.5;999999;3;99	1
201210102_4	201210102	4	1.5;999999;3;99	1
201210103_1	201210103	1	0.4;999999;3;99	1
201210103_2	201210103	2	0.4;999999;3;99	1
201210103_3	201210103	3	0.4;999999;3;99	1
201210103_4	201210103	4	0.4;999999;3;99	1
211010101_1	211010101	1	2;3;21;2;-1;99;1;2	1
211010101_2	211010101	2	2;3;21;2;-1;99;1;2	1
211010101_3	211010101	3	2;3;21;2;-1;99;1;2	1
211010101_4	211010101	4	2;3;21;2;-1;99;1;2	1
206040105_1	206040105	1	111100214;1	1
201010176_1	201010176	1	1.02	1
201010176_2	201010176	2	1.2	1
201010176_3	201010176	3	1.5	1
201010177_1	201010177	1	2	1
201010177_2	201010177	2	2	1
201010177_3	201010177	3	2	1
201010177_4	201010177	4	2	1
212900101_1	212900101	1	1	1
212900101_2	212900101	2	1	1
212900101_3	212900101	3	1	1
212900101_4	212900101	4	1	1
212900102_1	212900102	1	1.2	1
212900102_2	212900102	2	1.2	1
212900102_3	212900102	3	1.2	1
212900102_4	212900102	4	1.2	1
212900103_1	212900103	1	1.44	1
212900103_2	212900103	2	1.44	1
212900103_3	212900103	3	1.44	1
212900103_4	212900103	4	1.44	1
212900104_1	212900104	1	1.73	1
212900104_2	212900104	2	1.73	1
212900104_3	212900104	3	1.73	1
212900104_4	212900104	4	1.73	1
301210104_1	301210104	1	1;5;2;5	1
211010102_1	211010102	1	102221102;1;1	1
41109002_1	41109002	1	0.9	1
41109002_2	41109002	2	1.13	1
41109002_3	41109002	3	1.5	1
42109002_1	42109002	1	1.02	1
42109002_2	42109002	2	1.2	1
42109002_3	42109002	3	1.5	1
43109002_1	43109002	1	2.04	1
43109002_2	43109002	2	2.04	1
43109002_3	43109002	3	2.04	1
43109002_4	43109002	4	2.04	1
44109002_1	44109002	1	1;110900202	1
44109002_2	44109002	2	1;110900202	1
44109002_3	44109002	3	1;110900202	1
44109002_4	44109002	4	1;110900202	1
45109002_1	45109002	1	0.01	1
46109002_1	46109002	1	110900203;1	1
47109002_1	47109002	1	110900204;1	1
48109002_1	48109002	1	110900205;-1;2	1
49109002_1	49109002	1	1;110900216	1
50109002_1	50109002	1	0.2;110900202	1
51109002_1	51109002	1	0.2;110900216	1
52109002_1	52109002	1	0.4;110900202	1
53109002_1	53109002	1	0.4;110900216	1
54109002_1	54109002	1	110900224;1	1
209010155_1	209010155	1	8100140;1	1
410701001_1	410701001	1	1.31	1
410701002_1	410701002	1	0.9	1
410701002_2	410701002	2	1.13	1
410701002_3	410701002	3	1.5	1
410701003_1	410701003	1	2.12	1
410701003_2	410701003	2	3.12	1
410701003_3	410701003	3	4.12	1
410701003_4	410701003	4	5.12	1
411300201_1	411300201	1	1.02	1
411300201_2	411300201	2	1.2	1
411300201_3	411300201	3	1.5	1
411300202_1	411300202	1	0.72	1
411300202_2	411300202	2	0.9	1
411300202_3	411300202	3	1.2	1
411300203_1	411300203	1	1.69	1
411300203_2	411300203	2	2.1	1
411300203_3	411300203	3	2.2	1
411300203_4	411300203	4	2.3	1
411300204_1	411300204	1	0.1	1
411300204_2	411300204	2	0.1	1
411300204_3	411300204	3	0.1	1
411300205_1	411300205	1	0.1	1
411300205_2	411300205	2	0.1	1
411300205_3	411300205	3	0.1	1
411300205_4	411300205	4	0.1	1
411300206_1	411300206	1	0.25	1
411400201_1	411400201	1	0.96	1
411400201_2	411400201	2	1.2	1
411400201_3	411400201	3	1.6	1
411400202_1	411400202	1	0.15;99999	1
411400202_2	411400202	2	0.15;99999	1
411400202_3	411400202	3	0.15;99999	1
413800801_1	413800801	1	0.72	1
413800801_2	413800801	2	0.9	1
413800801_3	413800801	3	1.2	1
413800802_1	413800802	1	1.51	1
413800802_2	413800802	2	2.1	1
413800802_3	413800802	3	2.2	1
413800802_4	413800802	4	2.3	1
413800803_1	413800803	1	1;1	1
413800803_2	413800803	2	1;1	1
413800803_3	413800803	3	1;1	1
413800804_1	413800804	1	1	1
413800804_2	413800804	2	1	1
413800804_3	413800804	3	1	1
411400203_1	411400203	1	0.4;111400201	1
411400203_2	411400203	2	0.4;111400201	1
411400203_3	411400203	3	0.4;111400201	1
401220151_1	401220151	1	5	1
413800805_1	413800805	1	2;1;1	1
301020151_1	301020151	1	0.05	1
9100211_1	9100211	1	2	1
9100212_1	9100212	1	2	1
9100213_1	9100213	1	1	1
9100262_1	9100262	1	1;999999;1;99	1
9100282_1	9100282	1	2;1;21;2;1;99;1;2	1
9100302_1	9100302	1	0.4	1
9100374_1	9100374	1	0.15	1
9100375_1	9100375	1	0.3	1
9100376_1	9100376	1	0.5	1
9100384_1	9100384	1	0.15	1
9100385_1	9100385	1	0.3	1
9100386_1	9100386	1	0.5	1
9100394_1	9100394	1	0.3	1
9100395_1	9100395	1	0.5	1
9100396_1	9100396	1	0.7	1
9100454_1	9100454	1	0.05	1
9100455_1	9100455	1	0.1	1
9100456_1	9100456	1	0.15	1
9100502_1	9100502	1	0.4	1
9100521_1	9100521	1	0.3	1
9100542_1	9100542	1	1.5;0	1
9100563_1	9100563	1	1	1
9100581_1	9100581	1	0.15;99	1
206040106_1	206040106	1	1010061;1	1
206040107_1	206040107	1	1010062;1	1
209010156_1	209010156	1	1010067;1	1
413800806_1	413800806	1	113800815;1	1
413800807_1	413800807	1	113800806;2	1
401221151_1	401221151	1	1;9999999	1
401221551_1	401221551	1	0.2;0	1
406040199_1	406040199	1	44022159;2	1
409040151_1	409040151	1	44022166;1	1
213500801_1	213500801	1	2	1
213500801_2	213500801	2	2	1
213500801_3	213500801	3	3	1
213500802_1	213500802	1	1.6	1
213500802_2	213500802	2	1.6	1
213500802_3	213500802	3	1.6	1
213500802_4	213500802	4	1.6	1
213500802_9	213500802	9	1.6	1
213500802_10	213500802	10	1.6	1
213500802_11	213500802	11	1.6	1
213500802_12	213500802	12	1.6	1
213500803_1	213500803	1	0.1	1
401221152_1	401221152	1	1.06383;9999999	1
280100801_1	280100801	1	0.94	1
280100801_2	280100801	2	1.13	1
280100801_3	280100801	3	1.5	1
280100802_1	280100802	1	0.82	1
280100802_2	280100802	2	0.96	1
280100802_3	280100802	3	1.2	1
280100803_1	280100803	1	1.83	1
280100803_2	280100803	2	1.1	1
280100803_3	280100803	3	1.2	1
280100803_4	280100803	4	1.3	1
280200801_1	280200801	1	1.2	1
280200801_2	280200801	2	1.5	1
280200801_3	280200801	3	2	1
280200802_1	280200802	1	0.85	1
280200802_2	280200802	2	1	1
280200802_3	280200802	3	1.33	1
280200803_1	280200803	1	1.8	1
280200803_2	280200803	2	2.3	1
280200803_3	280200803	3	2.4	1
280200803_4	280200803	4	2.5	1
280200804_1	280200804	1	0.9	1
280200804_2	280200804	2	1.06	1
280200804_3	280200804	3	1.41	1
280200805_1	280200805	1	1	1
280200805_2	280200805	2	1.2	1
280200805_3	280200805	3	1.49	1
280200806_1	280200806	1	1.3;180200803;0.2;99	1
280200806_2	280200806	2	1.3;180200803;0.2;99	1
280200806_3	280200806	3	1.3;180200803;0.2;99	1
280200806_4	280200806	4	1.3;180200803;0.2;99	1
280200807_1	280200807	1	1.3;180200803;0.4;99	1
280200807_2	280200807	2	1.3;180200803;0.4;99	1
280200807_3	280200807	3	1.3;180200803;0.4;99	1
280200807_4	280200807	4	1.3;180200803;0.4;99	1
280200808_1	280200808	1	0.6	1
280300801_1	280300801	1	0.28	1
280300801_2	280300801	2	0.35	1
280300801_3	280300801	3	0.45	1
280300802_1	280300802	1	0.25	1
280300802_2	280300802	2	0.35	1
280300802_3	280300802	3	0.45	1
280300803_1	280300803	1	2	1
280300803_2	280300803	2	2	1
280300803_3	280300803	3	3	1
280300804_1	280300804	1	0.15	1
280300805_1	280300805	1	2	1
280300806_1	280300806	1	0.5	1
280200806_9	280200806	9	1.4	1
280200806_10	280200806	10	1.4	1
280200806_11	280200806	11	1.4	1
280200806_12	280200806	12	1.4	1
280200809_1	280200809	1	180200804;1	1
280200809_2	280200809	2	180200804;1	1
280200809_3	280200809	3	180200804;1	1
301210105_1	301210105	1	0.6;10;2;5	1
206030108_1	206030108	1	2;2;0;0;99	1
212700101_1	212700101	1	0.8	1
212700101_2	212700101	2	1	1
212700101_3	212700101	3	1.2	1
212700102_1	212700102	1	1.02	1
212700102_2	212700102	2	1.2	1
212700102_3	212700102	3	1.5	1
212700103_1	212700103	1	1.88	1
212700103_2	212700103	2	2.88	1
212700103_3	212700103	3	3.88	1
212700103_4	212700103	4	4.88	1
280200810_1	280200810	1	180200803;9	1
280200810_2	280200810	2	180200803;9	1
280200810_3	280200810	3	180200803;9	1
280200810_4	280200810	4	180200803;9	1
280200810_9	280200810	9	180200803;9	1
280200810_10	280200810	10	180200803;9	1
280200810_11	280200810	11	180200803;9	1
280200810_12	280200810	12	180200803;9	1
213600801_1	213600801	1	0.8	1
213600801_2	213600801	2	1	1
213600801_3	213600801	3	1.2	1
213600802_1	213600802	1	1.62	1
213600802_2	213600802	2	1.7	1
213600802_3	213600802	3	1.8	1
213600802_4	213600802	4	1.9	1
213600803_1	213600803	1	0.3	1
213600804_1	213600804	1	0.3	1
213600805_1	213600805	1	0.65	1
213600805_2	213600805	2	0.81	1
213600805_3	213600805	3	1.08	1
311010101_1	311010101	1	0.3	1
311010102_1	311010102	1	0.5	1
210401601_1	210401601	1	1.2	1
210401601_2	210401601	2	1.5	1
210401601_3	210401601	3	2	1
210401602_1	210401602	1	2.7;1;110401603	1
210401602_2	210401602	2	2.7;1;110401603	1
210401602_3	210401602	3	2.7;1;110401603	1
210401602_4	210401602	4	2.7;1;110401603	1
210300901_1	210300901	1	0.8	1
210300901_2	210300901	2	0.93	1
210300901_3	210300901	3	1.25	1
210300902_1	210300902	1	0.96	1
210300902_2	210300902	2	1.2	1
210300902_3	210300902	3	1.6	1
210300903_1	210300903	1	1.8	1
210300903_2	210300903	2	2.5	1
210300903_3	210300903	3	3.5	1
210300903_4	210300903	4	4.5	1
210101801_1	210101801	1	1.2	1
210101801_2	210101801	2	1.5	1
210101801_3	210101801	3	2	1
210101802_1	210101802	1	0.65	1
210101802_2	210101802	2	0.65	1
210101802_3	210101802	3	0.65	1
210101803_1	210101803	1	1.69	1
210101803_2	210101803	2	1.5	1
210101803_3	210101803	3	1.5	1
210101803_4	210101803	4	1.5	1
210101804_1	210101804	1	0.3	1
210101805_1	210101805	1	1	1
210201201_1	210201201	1	1.2	1
210201201_2	210201201	2	1.5	1
210201201_3	210201201	3	2	1
210201202_1	210201202	1	1.95	1
210201202_2	210201202	2	1.5	1
210201202_3	210201202	3	1.5	1
210201202_4	210201202	4	1.5	1
210101806_1	210101806	1	110101803;1	1
210101806_2	210101806	2	110101803;1	1
210101806_3	210101806	3	110101803;1	1
300212051_1	300212051	1	0.2	1
9100651_1	9100651	1	0.1	1
9100672_1	9100672	1	2;3;21;2;1;99;1;2	1
9100731_1	9100731	1	1	1
9100771_1	9100771	1	0.1	1
9100801_1	9100801	1	1	1
311010103_1	311010103	1	0.1	1
311010104_1	311010104	1	1	1
315020101_1	315020101	1	104048002;104048003;104048004;104048005;10;40;40;10	1
311010105_1	311010105	1	7100527	1
316040151_1	316040151	1	8100177;1	1
316040152_1	316040152	1	8100178;1	1
214400101_1	214400101	1	1.02	1
214400101_2	214400101	2	1.2	1
214400101_3	214400101	3	1.5	1
214400102_1	214400102	1	1.97	1
214400102_2	214400102	2	2.1	1
214400102_3	214400102	3	2.2	1
214400102_4	214400102	4	2.3	1
214400103_1	214400103	1	0.5	1
214400104_1	214400104	1	2;3;21;2;1;2;1;3	1
214400104_2	214400104	2	2;3;21;2;1;3;1;3	1
214400104_3	214400104	3	2;3;21;2;1;4;1;3	1
214400105_1	214400105	1	2;3;21;2;1;2;1;2	1
214400106_1	214400106	1	2;3;21;2;1;1;1;3	1
214400801_1	214400801	1	0.86	1
214400801_2	214400801	2	0.96	1
214400801_3	214400801	3	1.28	1
214400802_1	214400802	1	0.96	1
214400802_2	214400802	2	1.2	1
214400802_3	214400802	3	1.6	1
214400803_1	214400803	1	1.69	1
214400803_2	214400803	2	1.9	1
214400803_3	214400803	3	2	1
214400803_4	214400803	4	2.1	1
204020104_1	204020104	1	11700805	1
9100283_1	9100283	1	9100229;99	1
315020102_1	315020102	1	1010092;1010093;90;10	1
311410601_1	311410601	1	0.9;100	1
315020103_1	315020103	1	8100197;8100198;8100199;8100200;25;25;25;25	1
214100801_1	214100801	1	0.33	1
214100801_2	214100801	2	0.45	1
214100801_3	214100801	3	0.5	1
214100802_1	214100802	1	114100805;1	1
214100803_1	214100803	1	114100822;1	1
214100804_1	214100804	1	114100814;6	1
206040157_1	206040157	1	141403706;999	1
206040158_1	206040158	1	141403707;999	1
206040159_1	206040159	1	141403708;999	1
206040160_1	206040160	1	141403709;999	1
206040161_1	206040161	1	141403710;999	1
206040162_1	206040162	1	141403711;999	1
201220151_1	201220151	1	3	1
202010351_1	202010351	1	0.3	1
208010151_1	208010151	1	1	1
208010152_1	208010152	1	2	1
205020151_1	205020151	1	141403706;141403707;141403708;141403709;10;10;10;10	1
205020152_1	205020152	1	141403710;141403711;141403708;141403709;60;50;40;30	1
208010201_1	208010201	1	-1	1
9100217_1	9100217	1	2	1
9100218_1	9100218	1	1;0;1	1
9100219_1	9100219	1	0.35	1
9100220_1	9100220	1	9100783;999	1
9100221_1	9100221	1	5	1
9100222_1	9100222	1	1.5	1
9100223_1	9100223	1	0.45	1
9100224_1	9100224	1	0.35	1
9100225_1	9100225	1	0.3;999999;3;99	1
9100226_1	9100226	1	0.4;999999;3;99	1
9100227_1	9100227	1	9100823;999	1
9100228_1	9100228	1	0.3	1
9100229_1	9100229	1	2;3;0;2;1;1;1;2	1
9100230_1	9100230	1	0.15	1
280400801_1	280400801	1	1.2	1
280400801_2	280400801	2	1.5	1
280400801_3	280400801	3	2	1
280400802_1	280400802	1	0.85;0.08;1;0.24;1;0;0	1
280400802_2	280400802	2	1;0.08;1;0.32;1;0;0	1
280400802_3	280400802	3	1.33;0.08;1;0.4;1;0;0	1
280400803_1	280400803	1	2.75	1
280400803_2	280400803	2	2.3	1
280400803_3	280400803	3	2.4	1
280400803_4	280400803	4	2.5	1
280400804_1	280400804	1	1;0;2	1
280400805_1	280400805	1	1;1;71804008	1
9100231_1	9100231	1	2;1;0;2;1;1;1;2	1
9100232_1	9100232	1	9100874;5	1
9100233_1	9100233	1	0.6;999999;1;999	1
9100234_1	9100234	1	999;251	1
9100235_1	9100235	1	0.5	1
9100236_1	9100236	1	0.3;999999;1;99	1
280500801_1	280500801	1	1.2	1
280500801_2	280500801	2	1.5	1
280500801_3	280500801	3	2	1
280500802_1	280500802	1	180500805;180500806;180500807;180500808;180500809;1	1
280500802_2	280500802	2	180500805;180500806;180500807;180500808;180500809;2	1
280500802_3	280500802	3	180500805;180500806;180500807;180500808;180500809;3	1
280500803_1	280500803	1	180500805;180500806;180500807;180500808;180500809;1	1
280500804_1	280500804	1	180500805;180500806;180500807;180500808;180500809;1	1
280500805_1	280500805	1	0.05;180500801	1
280500805_2	280500805	2	0.05;180500801	1
280500805_3	280500805	3	0.05;180500801	1
280500806_1	280500806	1	1;1;72805008	1
280600801_1	280600801	1	1.02	1
280600801_2	280600801	2	1.2	1
280600801_3	280600801	3	1.5	1
280600802_1	280600802	1	0.9	1
280600802_2	280600802	2	1.13	1
280600802_3	280600802	3	1.5	1
280600803_1	280600803	1	1.73	1
280600803_2	280600803	2	2.3	1
280600803_3	280600803	3	2.4	1
280600803_4	280600803	4	2.5	1
212000801_1	212000801	1	1.2	1
212000801_2	212000801	2	1.2	1
212000801_3	212000801	3	1.2	1
212000802_1	212000802	1	3	1
212000802_2	212000802	2	4	1
212000802_3	212000802	3	5	1
212000803_1	212000803	1	2	1
212500801_1	212500801	1	0.72	1
212500801_2	212500801	2	0.9	1
212500801_3	212500801	3	1.2	1
212500802_1	212500802	1	1.02	1
212500802_2	212500802	2	1.2	1
212500802_3	212500802	3	1.5	1
212500803_1	212500803	1	1.69	1
212500803_2	212500803	2	1.7	1
212500803_3	212500803	3	1.8	1
212500803_4	212500803	4	1.9	1
211900801_1	211900801	1	1.02	1
211900801_2	211900801	2	1.2	1
211900801_3	211900801	3	1.5	1
211900802_1	211900802	1	0.9	1
211900802_2	211900802	2	1.14	1
211900802_3	211900802	3	1.54	1
211900803_1	211900803	1	1.7;111900801;2;4;6;8;0.5;0.6;0.7;0.75	1
211900803_2	211900803	2	1.66;111900801;2;4;6;8;0.5;0.6;0.7;0.75	1
211900803_3	211900803	3	1.67;111900801;2;4;6;8;0.5;0.6;0.7;0.75	1
211900803_4	211900803	4	1.68;111900801;2;4;6;8;0.5;0.6;0.7;0.75	1
211900804_1	211900804	1	111900801;8	1
212300801_1	212300801	1	0.73	1
212300801_2	212300801	2	0.86	1
212300801_3	212300801	3	1.08	1
212300802_1	212300802	1	1.02	1
212300802_2	212300802	2	1.2	1
212300802_3	212300802	3	1.5	1
212300803_1	212300803	1	1.89	1
212300803_2	212300803	2	1.9	1
212300803_3	212300803	3	2	1
212300803_4	212300803	4	2.1	1
212300804_1	212300804	1	0.3;1.2	1
210400701_1	210400701	1	3	1
210400701_2	210400701	2	3	1
210400701_3	210400701	3	4	1
210400702_1	210400702	1	0.95	1
210400702_2	210400702	2	1.25	1
210400702_3	210400702	3	1.67	1
210400703_1	210400703	1	2.75	1
210400703_2	210400703	2	2.75	1
210400703_3	210400703	3	2.75	1
210400703_4	210400703	4	2.75	1
210400704_1	210400704	1	1;1;71104007	1
210400705_1	210400705	1	110400701;2;2	1
311410602_1	311410602	1	0.15;1000	1
12015017_1	12015017	1	0.3	1
12015036_1	12015036	1	0.1	1
12015037_1	12015037	1	0.2	1
12015038_1	12015038	1	0.3	1
12015052_1	12015052	1	1	1
12015053_1	12015053	1	2	1
12015054_1	12015054	1	3	1
12015085_1	12015085	1	0.3	1
12015086_1	12015086	1	0.45	1
12015087_1	12015087	1	0.6	1
12015088_1	12015088	1	1	1
12015103_1	12015103	1	1	1
12015104_1	12015104	1	6	1
12015105_1	12015105	1	1	1
12015106_1	12015106	1	2	1
12015107_1	12015107	1	3	1
302011201_1	302011201	1	0.6;1	1
315010101_1	315010101	1	3	1
315010102_1	315010102	1	1	1
315010103_1	315010103	1	2	1
315010104_1	315010104	1	4	1
315010105_1	315010105	1	5	1
210300301_1	210300301	1	0.6	1
210300301_2	210300301	2	0.76	1
210300301_3	210300301	3	1.03	1
210300302_1	210300302	1	1.2	1
210300302_2	210300302	2	1.5	1
210300302_3	210300302	3	2	1
210300303_1	210300303	1	110300310;1	1
1010101_1	1010101	1	1010102;1010103;1010104;1	1
413900801_1	413900801	1	1.31	1
413900802_1	413900802	1	0.9	1
413900802_2	413900802	2	1.13	1
413900802_3	413900802	3	1.5	1
413900803_1	413900803	1	2.12	1
413900803_2	413900803	2	3.12	1
413900803_3	413900803	3	4.12	1
413900803_4	413900803	4	5.12	1
210301701_1	210301701	1	0.9	1
210301701_2	210301701	2	1.08	1
210301701_3	210301701	3	1.44	1
210301702_1	210301702	1	1.89	1
210301702_2	210301702	2	1.6	1
210301702_3	210301702	3	1.7	1
210301702_4	210301702	4	1.8	1
210301703_1	210301703	1	110301703;1	1
210301703_2	210301703	2	110301703;1	1
210301703_3	210301703	3	110301703;1	1
210301704_1	210301704	1	1;1;7;1;110301723	1
210101201_1	210101201	1	0.94	1
210101201_2	210101201	2	1.13	1
210101201_3	210101201	3	1.5	1
210101202_1	210101202	1	0.96	1
210101202_2	210101202	2	1.2	1
210101202_3	210101202	3	1.6	1
210101203_1	210101203	1	2.2	1
210101203_2	210101203	2	1.6	1
210101203_3	210101203	3	1.7	1
210101203_4	210101203	4	1.8	1
210201801_1	210201801	1	0.9	1
210201801_2	210201801	2	1	1
210201801_3	210201801	3	1.24	1
210201802_1	210201802	1	2.2	1
210201802_2	210201802	2	1.6	1
210201802_3	210201802	3	1.7	1
210201802_4	210201802	4	1.8	1
210201803_1	210201803	1	1;0;1	1
210400901_1	210400901	1	0.9	1
210400901_2	210400901	2	1	1
210400901_3	210400901	3	1.24	1
210400902_1	210400902	1	0.95	1
210400902_2	210400902	2	1.25	1
210400902_3	210400902	3	1.67	1
210400903_1	210400903	1	2.2	1
210400903_2	210400903	2	1.6	1
210400903_3	210400903	3	1.7	1
210400903_4	210400903	4	1.8	1
311410603_1	311410603	1	0.2;1000	1
312011101_1	312011101	1	0.3;101072002	1
214900801_1	214900801	1	1.2	1
214900801_2	214900801	2	1.2	1
214900801_3	214900801	3	1.2	1
214900802_1	214900802	1	0.643;2;0.04;0.12	1
214900802_2	214900802	2	0.748;2;0.04;0.12	1
214900802_3	214900802	3	0.997;2;0.04;0.12	1
214900803_1	214900803	1	2;0.02	1
214900803_2	214900803	2	2;0.02	1
214900803_3	214900803	3	2;0.02	1
214900803_4	214900803	4	2;0.02	1
214900804_1	214900804	1	114900802;5	1
214900805_1	214900805	1	114900804;1	1
214900806_1	214900806	1	114900810;1	1
214300801_1	214300801	1	0.9	1
214300801_2	214300801	2	1.2	1
214300801_3	214300801	3	1.7	1
214300802_1	214300802	1	0.87	1
214300802_2	214300802	2	1.05	1
214300802_3	214300802	3	1.35	1
214300803_1	214300803	1	1.79;0.02;2;0.1;1;0;0	1
214300803_2	214300803	2	1.79;0.02;2;0.1;1;0;0	1
214300803_3	214300803	3	1.79;0.02;2;0.1;1;0;0	1
214300803_4	214300803	4	1.79;0.02;2;0.1;1;0;0	1
214300804_1	214300804	1	-1;0;1	1
214300804_2	214300804	2	-1;0;1	1
214300804_3	214300804	3	-2;0;1	1
214300805_1	214300805	1	1;0;1	1
214300805_2	214300805	2	1;0;1	1
214300805_3	214300805	3	1;0;2	1
214300806_1	214300806	1	1.79;0.05;2;0.5;1;0;0	1
214300806_2	214300806	2	1.79;0.05;2;0.5;1;0;0	1
214300806_3	214300806	3	1.79;0.05;2;0.5;1;0;0	1
214300806_4	214300806	4	1.79;0.05;2;0.5;1;0;0	1
215200801_1	215200801	1	1.15	1
215200801_2	215200801	2	1.5	1
215200801_3	215200801	3	1.9	1
215200802_1	215200802	1	0;1;0	1
215200802_2	215200802	2	0;1;0	1
215200802_3	215200802	3	0;2;0	1
215200803_1	215200803	1	2.44	1
215200803_2	215200803	2	1.2	1
215200803_3	215200803	3	1.3	1
215200803_4	215200803	4	1.4	1
215200804_1	215200804	1	2;1;72152008	1
212200801_1	212200801	1	1.2	1
212200801_2	212200801	2	1.5	1
212200801_3	212200801	3	2	1
212200802_1	212200802	1	0.96	1
212200802_2	212200802	2	1.2	1
212200802_3	212200802	3	1.6	1
212200803_1	212200803	1	0.2	1
212200803_2	212200803	2	0.28	1
212200803_3	212200803	3	0.36	1
212200804_1	212200804	1	0.49	1
212200804_2	212200804	2	0.56	1
212200804_3	212200804	3	0.64	1
212200804_4	212200804	4	0.71	1
212200805_1	212200805	1	112200803;1;1	1
212200806_1	212200806	1	112200802;1;1	1
212200807_1	212200807	1	112200801;1	1
212200808_1	212200808	1	112200813;1	1
213300801_1	213300801	1	0.25	1
213300801_2	213300801	2	0.32	1
213300801_3	213300801	3	0.41	1
213300802_1	213300802	1	0.6	1
213300802_2	213300802	2	0.6	1
213300802_3	213300802	3	0.6	1
213300803_1	213300803	1	0.5	1
213300803_2	213300803	2	0.5	1
213300803_3	213300803	3	0.5	1
213300803_4	213300803	4	0.5	1
413300801_1	413300801	1	0.8;99999	1
210401301_1	210401301	1	1.02	1
210401301_2	210401301	2	1.2	1
210401301_3	210401301	3	1.5	1
210401302_1	210401302	1	0.72	1
210401302_2	210401302	2	0.9	1
210401302_3	210401302	3	1.2	1
210401303_1	210401303	1	1.69	1
210401303_2	210401303	2	1.69	1
210401303_3	210401303	3	1.69	1
210401303_4	210401303	4	1.69	1
210401304_1	210401304	1	310401301;1;1	1
210601101_1	210601101	1	0.9	1
210601101_2	210601101	2	1	1
210601101_3	210601101	3	1.238	1
210601102_1	210601102	1	1.2	1
210601102_2	210601102	2	1.5	1
210601102_3	210601102	3	2	1
210601103_1	210601103	1	2.6	1
210601103_2	210601103	2	2.6	1
210601103_3	210601103	3	2.6	1
210601103_4	210601103	4	2.6	1
92001001_1	92001001	1	0.8	1
92001022_1	92001022	1	0.1	1
92001082_1	92001082	1	92001081;1	1
92001092_1	92001092	1	1;0;2	1
92001111_1	92001111	1	0.2	1
92001112_1	92001112	1	92001001;1;20	1
92001132_1	92001132	1	0.5	1
92001244_1	92001244	1	1.5;1.5;92001243	1
92001245_1	92001245	1	92001243;999	1
92001363_1	92001363	1	92001362;999	1
92001371_1	92001371	1	0;0	1
92001372_1	92001372	1	-1	1
92001381_1	92001381	1	1.5	1
92001442_1	92001442	1	0;2;0	1
92001452_1	92001452	1	0;3;0	1
92001471_1	92001471	1	1	1
92001491_1	92001491	1	1;0;2	1
92001501_1	92001501	1	3	1
92001502_1	92001502	1	99;0;7;1	1
92001581_1	92001581	1	1;0;1	1
92001601_1	92001601	1	1;0	1
92001611_1	92001611	1	0.3;2	1
92001621_1	92001621	1	0.3	1
92001631_1	92001631	1	2.5	1
215300801_1	215300801	1	0.96	1
215300801_2	215300801	2	1.2	1
215300801_3	215300801	3	1.6	1
215300802_1	215300802	1	0.96	1
215300802_2	215300802	2	1.2	1
215300802_3	215300802	3	1.6	1
215300803_1	215300803	1	0.96;0.1	1
215300803_2	215300803	2	1.2;0.1	1
215300803_3	215300803	3	1.6;0.1	1
215300804_1	215300804	1	0.96	1
215300804_2	215300804	2	1.2	1
215300804_3	215300804	3	1.6	1
215300805_1	215300805	1	2	1
215300805_2	215300805	2	2	1
215300805_3	215300805	3	2	1
215300805_4	215300805	4	2	1
215300806_1	215300806	1	0.5	1
215300806_2	215300806	2	0.5	1
215300806_3	215300806	3	0.5	1
215300807_1	215300807	1	2	1
215300807_2	215300807	2	2	1
215300807_3	215300807	3	2	1
215300807_4	215300807	4	2	1
215300808_1	215300808	1	115300812;1	1
215300809_1	215300809	1	0;0	1
215300810_1	215300810	1	115300813;1	1
215300811_1	215300811	1	1	1
215300812_1	215300812	1	-1	1
215300813_1	215300813	1	0;1;0	1
215300814_1	215300814	1	115300814;1	1
215100801_1	215100801	1	0.76	1
215100801_2	215100801	2	0.9	1
215100801_3	215100801	3	1.2	1
215100802_1	215100802	1	0.96	1
215100802_2	215100802	2	1.2	1
215100802_3	215100802	3	1.6	1
215100803_1	215100803	1	1.75	1
215100803_2	215100803	2	1.75	1
215100803_3	215100803	3	1.75	1
215100803_4	215100803	4	1.75	1
215000801_1	215000801	1	1.2	1
215000801_2	215000801	2	1.5	1
215000801_3	215000801	3	2	1
215000802_1	215000802	1	0.58	1
215000802_2	215000802	2	0.73	1
215000802_3	215000802	3	0.97	1
215000803_1	215000803	1	1.5	1
215000803_2	215000803	2	1.5	1
215000803_3	215000803	3	1.5	1
215000803_4	215000803	4	1.5	1
214800801_1	214800801	1	0.816	1
214800801_2	214800801	2	0.96	1
214800801_3	214800801	3	1.2	1
214800802_1	214800802	1	0.816	1
214800802_2	214800802	2	0.96	1
214800802_3	214800802	3	1.2	1
214800803_1	214800803	1	1.75	1
214800803_2	214800803	2	1.75	1
214800803_3	214800803	3	1.75	1
214800803_4	214800803	4	1.75	1
214800804_1	214800804	1	0.76	1
214800804_2	214800804	2	0.9	1
214800804_3	214800804	3	1.2	1
280300101_1	280300101	1	1.2	1
280300101_2	280300101	2	1.5	1
280300101_3	280300101	3	2	1
280300102_1	280300102	1	0.85	1
280300102_2	280300102	2	1	1
280300102_3	280300102	3	1.333	1
280300103_1	280300103	1	180300104;1	1
280300103_2	280300103	2	180300104;1	1
280300103_3	280300103	3	180300104;1	1
280300104_1	280300104	1	2;1	1
315020104_1	315020104	1	1010127;1010128;50;50	1
215400801_1	215400801	1	0.85	1
215400801_2	215400801	2	1	1
215400801_3	215400801	3	1.333	1
215400802_1	215400802	1	1.2	1
215400802_2	215400802	2	1.5	1
215400802_3	215400802	3	2	1
215400803_1	215400803	1	1.5;999;3;999	1
215400803_2	215400803	2	1.5;999;3;999	1
215400803_3	215400803	3	1.5;999;3;999	1
215400803_4	215400803	4	1.5;999;3;999	1
215400804_1	215400804	1	2;3;21;2;1;999;1;2	1
215400804_2	215400804	2	2;3;21;2;1;999;1;2	1
215400804_3	215400804	3	2;3;21;2;2;999;1;2	1
215400805_1	215400805	1	2	1
215400805_2	215400805	2	2	1
215400805_3	215400805	3	2	1
215400805_4	215400805	4	2	1
215400806_1	215400806	1	2;3;21	1
215400806_2	215400806	2	2;3;21	1
215400806_3	215400806	3	2;3;21	1
215400807_1	215400807	1	115400813;0.45;2;3;21;3;0.5	1
215400808_1	215400808	1	1.8;999;3;999	1
215400808_2	215400808	2	1.8;999;3;999	1
215400808_3	215400808	3	1.8;999;3;999	1
215400808_4	215400808	4	1.8;999;3;999	1
215400809_1	215400809	1	2;3;21;2;-1;99;1;2	1
215400809_2	215400809	2	2;3;21;2;-1;99;1;2	1
215400809_3	215400809	3	2;3;21;2;-1;99;1;2	1
214600801_1	214600801	1	1.2	1
214600801_2	214600801	2	1.5	1
214600801_3	214600801	3	2	1
214600802_1	214600802	1	0.85	1
214600802_2	214600802	2	1	1
214600802_3	214600802	3	1.333	1
214600803_1	214600803	1	1.85	1
214600803_2	214600803	2	1.85	1
214600803_3	214600803	3	1.85	1
214600803_4	214600803	4	1.85	1
214600804_1	214600804	1	114600802;1	1
214600804_2	214600804	2	114600802;1	1
214600804_3	214600804	3	114600802;1	1
214600804_4	214600804	4	114600802;1	1
311020101_1	311020101	1	2;3;21;2;1;99;1;3	1
201250101_1	201250101	1	0.9	1
201250102_1	201250102	1	0.75	1
201250103_1	201250103	1	2.06	1
201250104_1	201250104	1	1.69	1
214020101_1	214020101	1	1	1
300212052_1	300212052	1	0.3	1
311410604_1	311410604	1	0.1;1000	1
9200180101_1	9200180101	1	92001802;1	1
92001730_1	92001730	1	2	1
92001741_1	92001741	1	0.7	1
92001991_1	92001991	1	1;1	1
92001992_1	92001992	1	92001990;3	1
201210353_1	201210353	1	1;1;1;1	1
201210354_1	201210354	1	2;1;5;1	1
213800101_1	213800101	1	1.02	1
213800101_2	213800101	2	1.2	1
213800101_3	213800101	3	1.5	1
213800102_1	213800102	1	0.25	1
213800102_2	213800102	2	0.35	1
213800102_3	213800102	3	0.45	1
214700800_1	214700800	1	1;1	1
214700800_2	214700800	2	1;1	1
214700800_3	214700800	3	1;1	1
214700801_1	214700801	1	0.72	1
214700801_2	214700801	2	0.9	1
214700801_3	214700801	3	1.2	1
214700802_1	214700802	1	1.51	1
214700802_2	214700802	2	1.51	1
214700802_3	214700802	3	1.51	1
214700802_4	214700802	4	1.51	1
214700803_1	214700803	1	114700803;1	1
214700804_1	214700804	1	114700801;1	1
215900801_1	215900801	1	0.8	1
215900801_2	215900801	2	0.8	1
215900801_3	215900801	3	0.8	1
215900802_1	215900802	1	1.69	1
215900802_2	215900802	2	1.69	1
215900802_3	215900802	3	1.69	1
215900803_1	215900803	1	0.8	1
215900803_2	215900803	2	0.8	1
215900803_3	215900803	3	0.8	1
215900804_1	215900804	1	0.5	1
215900804_2	215900804	2	0.5	1
215900804_3	215900804	3	0.5	1
215900805_1	215900805	1	0.25	1
215900805_2	215900805	2	0.25	1
215900805_3	215900805	3	0.25	1
210301201_1	210301201	1	0.72	1
210301201_2	210301201	2	0.9	1
210301201_3	210301201	3	1.2	1
210301202_1	210301202	1	1.2	1
210301202_2	210301202	2	1.2	1
210301202_3	210301202	3	1.2	1
210301203_1	210301203	1	1.11	1
210301203_2	210301203	2	1.11	1
210301203_3	210301203	3	1.11	1
210301203_4	210301203	4	1.11	1
210301204_1	210301204	1	0.05	1
210301204_2	210301204	2	0.04	1
210301204_3	210301204	3	0.03	1
210301205_1	210301205	1	0.97	1
210301205_2	210301205	2	1.25	1
210301205_3	210301205	3	1.53	1
210301206_1	210301206	1	0.1;0	1
210301206_2	210301206	2	0.08;0	1
210301206_3	210301206	3	0.05;0	1
210301207_1	210301207	1	0.3;4	1
210301207_2	210301207	2	0.4;4	1
210301207_3	210301207	3	0.45;4	1
210301208_1	210301208	1	5	1
210301209_1	210301209	1	4	1
210301210_1	210301210	1	-3	1
210301211_1	210301211	1	-1	1
210301212_1	210301212	1	110301211;1	1
210301213_1	210301213	1	110301209;1	1
210301214_1	210301214	1	110301207;6;21	1
210301214_2	210301214	2	110301207;6;21	1
210301214_3	210301214	3	110301207;6;21	1
210301214_4	210301214	4	110301207;6;21	1
212600801_1	212600801	1	1.08	1
212600801_2	212600801	2	1.35	1
212600801_3	212600801	3	1.8	1
212600802_1	212600802	1	0.9	1
212600802_2	212600802	2	1.13	1
212600802_3	212600802	3	1.5	1
212600803_1	212600803	1	2.23	1
212600803_2	212600803	2	2.59	1
212600803_3	212600803	3	2.92	1
212600803_4	212600803	4	3.23	1
212600804_1	212600804	1	0.3;5	1
212600804_2	212600804	2	0.3;5	1
212600804_3	212600804	3	0.3;5	1
212600804_4	212600804	4	0.3;5	1
213100101_1	213100101	1	1.02	1
213100101_2	213100101	2	1.2	1
213100101_3	213100101	3	1.5	1
213100102_1	213100102	1	1.2	1
213100102_2	213100102	2	1.2	1
213100102_3	213100102	3	0	1
213100103_1	213100103	1	0	1
213100103_2	213100103	2	0	1
213100103_3	213100103	3	1.2	1
213100104_1	213100104	1	1.8;0.05;113100104	1
213100104_2	213100104	2	2.09;0.05;113100104	1
213100104_3	213100104	3	2.36;0.05;113100104	1
213100104_4	213100104	4	2.61;0.05;113100104	1
213100105_1	213100105	1	113100104;20	1
213100105_2	213100105	2	113100104;20	1
213100105_3	213100105	3	113100104;20	1
213100105_4	213100105	4	113100104;20	1
213100106_1	213100106	1	1;1;1	1
213100107_1	213100107	1	1;0;1	1
213100108_1	213100108	1	1.8;0.05;113100104	1
213100108_2	213100108	2	2.09;0.05;113100104	1
213100108_3	213100108	3	2.36;0.05;113100104	1
213100108_4	213100108	4	2.61;0.05;113100104	1
212800801_1	212800801	1	1.2	1
212800801_2	212800801	2	1.5	1
212800801_3	212800801	3	2	1
212800802_1	212800802	1	0.96	1
212800802_2	212800802	2	1.2	1
212800802_3	212800802	3	1.6	1
212800803_1	212800803	1	1.8	1
212800803_2	212800803	2	2.09	1
212800803_3	212800803	3	2.36	1
212800803_4	212800803	4	2.61	1
212800804_1	212800804	1	4;0;7;1;112800802;112800810;112800812	1
212800804_2	212800804	2	4;0;7;1;112800802;112800810;112800812	1
212800804_3	212800804	3	4;0;7;1;112800802;112800810;112800812	1
212800804_4	212800804	4	4;0;7;1;112800802;112800810;112800812	1
212800805_1	212800805	1	1;0;1	1
212800806_1	212800806	1	1;0;2	1
212800807_1	212800807	1	1;0;3	1
212800808_1	212800808	1	1;0;4	1
212800809_1	212800809	1	0.15	1
212800810_1	212800810	1	1;0;5	1
216000801_1	216000801	1	1.2	1
216000801_2	216000801	2	1.5	1
216000801_3	216000801	3	2	1
216000802_1	216000802	1	1.2	1
216000802_2	216000802	2	1.5	1
216000802_3	216000802	3	2	1
216000803_1	216000803	1	2.4	1
216000803_2	216000803	2	2.78	1
216000803_3	216000803	3	3.14	1
216000803_4	216000803	4	3.48	1
216100801_1	216100801	1	1.08	1
216100801_2	216100801	2	1.35	1
216100801_3	216100801	3	1.8	1
216100802_1	216100802	1	1.08	1
216100802_2	216100802	2	1.53	1
216100802_3	216100802	3	1.8	1
216100803_1	216100803	1	1.7	1
216100803_2	216100803	2	1.97	1
216100803_3	216100803	3	2.22	1
216100803_4	216100803	4	2.46	1
216100804_1	216100804	1	0.3	1
216100804_2	216100804	2	1	1
216100804_3	216100804	3	1	1
216100805_1	216100805	1	0	1
216100806_1	216100806	1	116100807;1;1	1
216100807_1	216100807	1	116100803;1	1
216100808_1	216100808	1	0.3	1
216100809_1	216100809	1	116100819;116100820;116100821;1	1
216100810_1	216100810	1	116100806;1;1	1
216100811_1	216100811	1	0;1	1
216100811_2	216100811	1	0;1	1
216100811_3	216100811	1	0;1	1
216100811_4	216100811	1	0;1	1
3405200101_1	3405200101	1	1.2	1
3405200102_1	3405200102	1	0.15;10000	1
3405200103_1	3405200103	1	0.69	1
3405200104_1	3405200104	1	1.66	1
3405200105_1	3405200105	1	1;1;0;1	1
3405200106_1	3405200106	1	2;1;0;1	1
215600801_1	215600801	1	0.97;0.1;115700801	1
215600801_2	215600801	2	1.15;0.1;115700801	1
215600801_3	215600801	3	1.4;0.1;115700801	1
215600802_1	215600802	1	1	1
215600803_1	215600803	1	5.6;0.3	1
215600804_1	215600804	1	0	1
215600805_1	215600805	1	8;0.5	1
215600806_1	215600806	1	115600801;1	1
215600806_2	215600806	2	115600801;1	1
215600806_3	215600806	3	115600801;1	1
215600807_1	215600807	1	115600818;1	1
215600807_2	215600807	2	115600818;1	1
215600807_3	215600807	3	115600818;1	1
215600808_1	215600808	1	115600805;1	1
215600808_2	215600808	1	115600805;1	1
215600808_3	215600808	1	115600805;1	1
215600808_4	215600808	1	115600805;1	1
314500801_1	314500801	1	0.9	1
314500802_1	314500802	1	1314500802;1	1
314500803_1	314500803	1	0.9	1
314500804_1	314500804	1	0.9	1
314500805_1	314500805	1	1.56	1
314500806_1	314500806	1	1314500801;1	1
3102700201_1	3102700201	1	1	1
215700801_1	215700801	1	0.97;0.1;115700801	1
215700801_2	215700801	2	1.15;0.1;115700801	1
215700801_3	215700801	3	1.4;0.1;115700801	1
215700802_1	215700802	1	1.2	1
215700802_2	215700802	2	1.5	1
215700802_3	215700802	3	2	1
215700803_1	215700803	1	1.76;0.1;115700801	1
215700803_2	215700803	2	1.76;0.1;115700801	1
215700803_3	215700803	3	1.76;0.1;115700801	1
215700803_4	215700803	4	1.76;0.1;115700801	1
215700804_1	215700804	1	0.97;0.1;115700801;0.05;115700808	1
215700804_2	215700804	2	0.97;0.1;115700801;0.05;115700808	1
215700804_3	215700804	3	0.97;0.1;115700801;0.05;115700808	1
215700805_1	215700805	1	0.97;0.1;115700801;0.12;115700808	1
215700805_2	215700805	2	0.97;0.1;115700801;0.12;115700808	1
215700805_3	215700805	3	0.97;0.1;115700801;0.12;115700808	1
210200501_1	210200501	1	0.84	1
210200501_2	210200501	2	1.05	1
210200501_3	210200501	3	1.4	1
210200502_1	210200502	1	1.92	1
210200502_2	210200502	2	1.92	1
210200502_3	210200502	3	1.92	1
210200502_4	210200502	4	1.92	1
210200503_1	210200503	1	110200502;1	1
210200504_1	210200504	1	0.95	1
215800801_1	215800801	1	0.25	1
215800801_2	215800801	2	0.35	1
215800801_3	215800801	3	0.45	1
215800802_1	215800802	1	0.25	1
215800802_2	215800802	2	0.35	1
215800802_3	215800802	3	0.45	1
215800803_1	215800803	1	115800805;1	1
215800803_2	215800803	2	115800805;1	1
215800803_3	215800803	3	115800805;1	1
215800804_1	215800804	1	115800803;1	1
215800804_2	215800804	2	115800803;1	1
215800804_3	215800804	3	115800803;1	1
215800805_1	215800805	1	0.45;1	1
215800806_1	215800806	1	0.12	1
215800807_1	215800807	1	115800806;999	1
215800807_2	215800807	2	115800806;999	1
215800807_3	215800807	3	115800806;999	1
215800808_1	215800808	1	115800806	1
215800809_1	215800809	1	0	1
215800810_1	215800810	1	115800819;1	1
215800811_1	215800811	1	10;0;7;1	1
215800812_1	215800812	1	115800810;999	1
3401900201_1	3401900201	1	0.9	1
3401900202_1	3401900202	1	0.72	1
3401900203_1	3401900203	1	0.9	1
3401900204_1	3401900204	1	0.5;999	1
3401900205_1	3401900205	1	1;1;0;4	1
3401900206_1	3401900206	1	1.56	1
3401900207_1	3401900207	1	1401900202;1	1
216200801_1	216200801	1	0.81	1
216200801_2	216200801	2	1.08	1
216200801_3	216200801	3	1.35	1
216200802_1	216200802	1	0.81	1
216200802_2	216200802	2	1.08	1
216200802_3	216200802	3	1.35	1
216200803_1	216200803	1	1.81;0.3;116200806	1
216200803_2	216200803	2	1.81;0.3;116200806	1
216200803_3	216200803	3	1.81;0.3;116200806	1
216200803_4	216200803	4	1.81;0.3;116200806	1
216200804_1	216200804	1	1.31	1
216200804_2	216200804	2	1.58	1
216200804_3	216200804	3	1.85	1
216200805_1	216200805	1	1.81;0.55;116200806	1
216200805_2	216200805	2	1.81;0.55;116200806	1
216200805_3	216200805	3	1.81;0.55;116200806	1
216200805_4	216200805	4	1.81;0.55;116200806	1
216200806_1	216200806	1	116200804;1	1
216200806_2	216200806	2	116200804;1	1
216200806_3	216200806	3	116200804;1	1
216200806_4	216200806	4	116200804;1	1
216200807_1	216200807	1	116200805;1	1
216200807_2	216200807	2	116200805;1	1
216200807_3	216200807	3	116200805;1	1
216200807_4	216200807	4	116200805;1	1
216200808_1	216200808	1	116200806;999	1
216200808_2	216200808	2	116200806;999	1
216200808_3	216200808	3	116200806;999	1
216200808_4	216200808	4	116200806;999	1
216200809_1	216200809	1	116200802;7	1
216200810_1	216200810	1	116200802;5	1
216300801_1	216300801	1	0.81	1
216300801_2	216300801	2	1.08	1
216300801_3	216300801	3	1.35	1
216300802_1	216300802	1	1.02	1
216300802_2	216300802	2	1.2	1
216300802_3	216300802	3	1.5	1
216300803_1	216300803	1	1.51;0.2;1.4	1
216300803_2	216300803	2	1.75;0.2;1.4	1
216300803_3	216300803	3	1.98;0.2;1.4	1
216300803_4	216300803	4	2.19;0.2;1.4	1
216300804_1	216300804	1	1;0;1	1
216300804_2	216300804	2	1;0;1	1
216300804_3	216300804	3	1;0;1	1
216300805_1	216300805	1	1	1
216300805_2	216300805	2	1	1
216300805_3	216300805	3	1	1
216300805_4	216300805	4	1	1
216300806_1	216300806	1	0	1
216300806_2	216300806	2	0	1
216300806_3	216300806	3	0	1
216300806_4	216300806	4	0	1
216300807_1	216300807	1	1	1
216300807_2	216300807	1	1	1
216300807_3	216300807	1	1	1
216300807_4	216300807	1	1	1
216300808_1	216300808	1	1.51;0.25;2.25	1
216300808_2	216300808	2	1.75;0.25;2.25	1
216300808_3	216300808	3	1.98;0.25;2.25	1
216300808_4	216300808	4	2.19;0.25;2.25	1
210100201_1	210100201	1	0.84	1
210100201_2	210100201	2	1.05	1
210100201_3	210100201	3	1.2	1
210100202_1	210100202	1	1.51	1
210100202_2	210100202	2	1.75	1
210100202_3	210100202	3	1.98	1
210100202_4	210100202	4	2.19	1
210100203_1	210100203	1	0.25	1
210100204_1	210100204	1	0.2	1
210100205_1	210100205	1	110100208;5	1
213200801_1	213200801	1	0.81	1
213200801_2	213200801	2	1.08	1
213200801_3	213200801	3	1.35	1
213200802_1	213200802	1	1.81	1
213200802_2	213200802	2	1.81	1
213200802_3	213200802	3	1.81	1
213200802_4	213200802	4	1.81	1
213200803_1	213200803	1	1;113200802	1
213200803_2	213200803	2	1;113200802	1
213200803_3	213200803	3	1;113200802	1
213200804_1	213200804	1	2	1
213200804_2	213200804	2	2	1
213200804_3	213200804	3	2	1
213200804_4	213200804	4	2	1
292002041_1	292002041	1	1;92002042	1
299999901_1	299999901	1	1	1
299999901_2	299999901	1	1	1
299999901_3	299999901	1	1	1
299999901_4	299999901	1	1	1
216400801_1	216400801	1	0.85	1
216400801_2	216400801	2	1.2	1
216400801_3	216400801	3	1.6	1
216400802_1	216400802	1	1;0.8;0.01;0.0075;2;0.8;3;0.8	1
216400802_2	216400802	2	1;0.833;0.01;0.0075;2;0.833;3;0.833	1
216400802_3	216400802	3	1;0.867;0.01;0.0075;2;0.867;3;0.867	1
216400802_4	216400802	4	1;0.9;0.01;0.0075;2;0.9;3;0.9	1
216400802_5	216400802	5	1;0.8;0.01;0.0075;2;0.8;3;0.8	1
216400802_6	216400802	6	1;0.833;0.01;0.0075;2;0.833;3;0.833	1
216400802_7	216400802	7	1;0.867;0.01;0.0075;2;0.867;3;0.867	1
216400802_8	216400802	8	1;0.9;0.01;0.0075;2;0.9;3;0.9	1
216400802_9	216400802	9	1;0.8;0.01;0.0075;2;0.8;3;0.8	1
216400802_10	216400802	10	1;0.833;0.01;0.0075;2;0.833;3;0.833	1
216400802_11	216400802	11	1;0.867;0.01;0.0075;2;0.867;3;0.867	1
216400802_12	216400802	12	1;0.9;0.01;0.0075;2;0.9;3;0.9	1
216400803_1	216400803	1	1	1
3405300101_1	3405300101	1	0.7	1
3405300102_1	3405300102	1	1.65	1
3405300103_1	3405300103	1	0.85	1
3405300104_1	3405300104	1	2	1
3405300105_1	3405300105	1	116400809;1	1
215500801_1	215500801	1	0.3	1
215500801_2	215500801	2	0.38	1
215500801_3	215500801	3	0.5	1
215500802_1	215500802	1	115500801	1
215500802_2	215500802	2	115500801	1
215500802_3	215500802	3	115500801	1
215500803_1	215500803	1	0.84	1
215500803_2	215500803	2	1.05	1
215500803_3	215500803	3	1.2	1
215500804_1	215500804	1	115500802	1
215500804_2	215500804	2	115500802	1
215500804_3	215500804	3	115500802	1
215500805_1	215500805	1	1.6	1
215500805_2	215500805	2	1.6	1
215500805_3	215500805	3	1.6	1
215500805_4	215500805	4	1.6	1
215500806_1	215500806	1	3;352	1
215500807_1	215500807	1	6;352	1
215500808_1	215500808	1	115500811	1
215500808_2	215500808	2	115500811	1
215500808_3	215500808	3	115500811	1
210300501_1	210300501	1	1.02	1
210300501_2	210300501	2	1.2	1
210300501_3	210300501	3	1.5	1
210300502_1	210300502	1	1.02	1
210300502_2	210300502	2	1.2	1
210300502_3	210300502	3	1.5	1
210300503_1	210300503	1	1.6	1
210300503_2	210300503	2	1.6	1
210300503_3	210300503	3	1.6	1
210300503_4	210300503	4	1.6	1
210300504_1	210300504	1	1;3	1
210300504_2	210300504	2	1;3	1
210300504_3	210300504	3	1;3	1
210300504_4	210300504	4	1;3	1
214500801_1	214500801	1	0.96	1
214500801_2	214500801	2	1.2	1
214500801_3	214500801	3	1.6	1
214500802_1	214500802	1	0.92	1
214500802_2	214500802	2	1.15	1
214500802_3	214500802	3	1.54	1
214500803_1	214500803	1	1.6	1
214500803_2	214500803	2	1.86	1
214500803_3	214500803	3	2.1	1
214500803_4	214500803	4	2.32	1
214500804_1	214500804	1	114500801;1;8	1
214500805_1	214500805	1	114500801;1	1
214500806_1	214500806	1	114500802;1	1
214500807_1	214500807	1	114500801;999	1
214500808_1	214500808	1	999	1
214500808_2	214500808	2	999	1
214500808_3	214500808	3	999	1
214500808_4	214500808	4	999	1
214500808_5	214500808	5	999	1
214500808_6	214500808	6	999	1
214500808_7	214500808	7	999	1
214500808_8	214500808	8	999	1
214500808_9	214500808	9	999	1
214500808_10	214500808	10	999	1
214500808_11	214500808	11	999	1
214500808_12	214500808	12	999	1
214500809_1	214500809	1	0;0;0;2;2;999;2;2	1
214500809_2	214500809	2	0;0;0;2;2;999;2;2	1
214500809_3	214500809	3	0;0;0;2;2;999;2;2	1
214500809_4	214500809	4	0;0;0;2;2;999;2;2	1
214500809_5	214500809	5	0;0;0;2;2;999;2;2	1
214500809_6	214500809	6	0;0;0;2;2;999;2;2	1
214500809_7	214500809	7	0;0;0;2;2;999;2;2	1
214500809_8	214500809	8	0;0;0;2;2;999;2;2	1
214500809_9	214500809	9	0;0;0;2;2;999;2;2	1
214500809_10	214500809	10	0;0;0;2;2;999;2;2	1
214500809_11	214500809	11	0;0;0;2;2;999;2;2	1
214500809_12	214500809	12	0;0;0;2;2;999;2;2	1
214500810_1	214500810	1	114500812	1
214500810_2	214500810	2	114500812	1
214500810_3	214500810	3	114500812	1
214500811_1	214500811	1	1.6;0.12;114500801	1
214500811_2	214500811	2	1.86;0.12;114500801	1
214500811_3	214500811	3	2.1;0.12;114500801	1
214500811_4	214500811	4	2.32;0.12;114500801	1
216500801_1	216500801	1	0.72	1
216500801_2	216500801	2	0.72	1
216500801_3	216500801	3	0.72	1
216500802_1	216500802	1	116500801;116500802;116500803;1	1
216500802_2	216500802	2	116500801;116500802;116500803;2	1
216500802_3	216500802	3	116500801;116500802;116500803;3	1
216500803_1	216500803	1	1;1;2	1
216500803_2	216500803	2	1;2;2	1
216500803_3	216500803	3	1;3;2	1
216500804_1	216500804	1	1.89	1
216500804_2	216500804	2	1.89	1
216500804_3	216500804	3	1.89	1
216500804_4	216500804	4	1.89	1
216500805_1	216500805	1	2;1;72165008	1
216500806_1	216500806	1	1;0;4;1;116500809;116500810	1
216500807_1	216500807	1	1;3	1
216500808_1	216500808	1	2;3	1
216500809_1	216500809	1	0.72;0.15;0.3	1
216500809_2	216500809	2	0.72;0.15;0.3	1
216500809_3	216500809	3	0.72;0.15;0.3	1
216500810_1	216500810	1	1.89;0.15;0.3	1
216500810_2	216500810	2	1.89;0.15;0.3	1
216500810_3	216500810	3	1.89;0.15;0.3	1
216500810_4	216500810	4	1.89;0.15;0.3	1
213500201_1	213500201	1	0.9	1
213500201_2	213500201	2	1.2	1
213500201_3	213500201	3	1.5	1
213500202_1	213500202	1	0.65;354	1
213500202_2	213500202	2	0.81;354	1
213500202_3	213500202	3	1.08;354	1
213500203_1	213500203	1	1.92	1
213500203_2	213500203	2	1.92	1
213500203_3	213500203	3	1.92	1
213500203_4	213500203	4	1.92	1
213500204_1	213500204	1	1;0;5	1
213500204_2	213500204	2	1;0;5	1
213500204_3	213500204	3	1;0;5	1
213500204_4	213500204	4	1;0;5	1
213500205_1	213500205	1	1;0;4	1
213500205_2	213500205	2	1;0;4	1
213500205_3	213500205	3	1;0;4	1
213500206_1	213500206	1	113500211;999	1
213500206_2	213500206	2	113500211;999	1
213500206_3	213500206	3	113500211;999	1
213500207_1	213500207	1	0.81	1
316500801_1	316500801	1	1.2	1
316500802_1	316500802	1	1316500801;4	1
316500803_1	316500803	1	2.42	1
214400201_1	214400201	1	-1;0;1	1
214400201_2	214400201	2	-1;0;1	1
214400201_3	214400201	3	-1;0;1	1
214400202_1	214400202	1	1;0;1	1
214400202_2	214400202	2	1;0;1	1
214400202_3	214400202	3	1;0;1	1
214400203_1	214400203	1	-1;0;1	1
214400203_2	214400203	2	-1;0;1	1
214400203_3	214400203	3	-1;0;1	1
214400204_1	214400204	1	1;0;1	1
214400204_2	214400204	2	1;0;1	1
214400204_3	214400204	3	1;0;1	1
214400205_1	214400205	1	114400201;999	1
214400206_1	214400206	1	114400202;999	1
214400207_1	214400207	1	114400207;999	1
214400208_1	214400208	1	0.96	1
214400208_2	214400208	2	0.96	1
214400208_3	214400208	3	0.96	1
214400209_1	214400209	1	1.51;0.15;114400207	1
214400209_2	214400209	2	1.51;0.15;114400207	1
214400209_3	214400209	3	1.51;0.15;114400207	1
214400209_4	214400209	4	1.51;0.15;114400207	1
214400210_1	214400210	1	1.51;0.2;114400207	1
214400210_2	214400210	2	1.51;0.2;114400207	1
214400210_3	214400210	3	1.51;0.2;114400207	1
214400210_4	214400210	4	1.51;0.2;114400207	1
216600801_1	216600801	1	0.9	1
216600801_2	216600801	2	0.9	1
216600801_3	216600801	3	0.9	1
216600802_1	216600802	1	1.2	1
216600802_2	216600802	2	1.5	1
216600802_3	216600802	3	2	1
216600803_1	216600803	1	2;116600801;2;4;6;8;0.8;1;1.1;1.2	1
216600803_2	216600803	2	2;116600801;2;4;6;8;0.8;1;1.1;1.2	1
216600803_3	216600803	3	2;116600801;2;4;6;8;0.8;1;1.1;1.2	1
216600803_4	216600803	4	2;116600801;2;4;6;8;0.8;1;1.1;1.2	1
216600804_1	216600804	1	116600801;8	1
210301001_1	210301001	1	1.02	1
210301001_2	210301001	2	1.35	1
210301001_3	210301001	3	1.8	1
210301002_1	210301002	1	0.84	1
210301002_2	210301002	2	1.05	1
210301002_3	210301002	3	1.4	1
210301003_1	210301003	1	2	1
210301003_2	210301003	2	2	1
210301003_3	210301003	3	2	1
210301003_4	210301003	4	2	1
216700801_1	216700801	1	1.02	1
216700801_2	216700801	2	1.2	1
216700801_3	216700801	3	1.5	1
216700803_1	216700803	1	2.5	1
216700803_2	216700803	2	2.5	1
216700803_3	216700803	3	2.5	1
216700803_4	216700803	4	2.5	1
216700804_1	216700804	1	0.5	1
216700804_2	216700804	2	0.5	1
216700804_3	216700804	3	0.5	1
216700805_1	216700805	1	116700802;1	1
216700805_2	216700805	2	116700802;1	1
216700805_3	216700805	3	116700802;1	1
216700805_4	216700805	4	116700802;1	1
216700805_5	216700805	5	116700802;1	1
216700805_6	216700805	6	116700802;1	1
216700805_7	216700805	7	116700802;1	1
216700805_8	216700805	8	116700802;1	1
216700805_9	216700805	9	116700802;1	1
216700805_10	216700805	10	116700802;1	1
216700805_11	216700805	11	116700802;1	1
216700805_12	216700805	12	116700802;1	1
216700806_1	216700806	1	116700812;1	1
216700806_2	216700806	2	116700812;1	1
216700806_3	216700806	3	116700812;1	1
216700806_4	216700806	4	116700812;1	1
216700806_5	216700806	5	116700812;1	1
216700806_6	216700806	6	116700812;1	1
216700806_7	216700806	7	116700812;1	1
216700806_8	216700806	8	116700812;1	1
216700806_9	216700806	9	116700812;1	1
216700806_10	216700806	10	116700812;1	1
216700806_11	216700806	11	116700812;1	1
216700806_12	216700806	12	116700812;1	1
216700807_1	216700807	1	116700813;1	1
216700807_2	216700807	2	116700813;1	1
216700807_3	216700807	3	116700813;1	1
216700807_4	216700807	4	116700813;1	1
216700807_5	216700807	5	116700813;1	1
216700807_6	216700807	6	116700813;1	1
216700807_7	216700807	7	116700813;1	1
216700807_8	216700807	8	116700813;1	1
216700807_9	216700807	9	116700813;1	1
216700807_10	216700807	10	116700813;1	1
216700807_11	216700807	11	116700813;1	1
216700807_12	216700807	12	116700813;1	1
216700808_1	216700808	1	116700804;1	1
216700808_2	216700808	2	116700804;1	1
216700808_3	216700808	3	116700804;1	1
216700808_4	216700808	4	116700804;1	1
216700808_5	216700808	5	116700804;1	1
216700808_6	216700808	6	116700804;1	1
216700808_7	216700808	7	116700804;1	1
216700808_8	216700808	8	116700804;1	1
216700808_9	216700808	9	116700804;1	1
216700808_10	216700808	10	116700804;1	1
216700808_11	216700808	11	116700804;1	1
216700808_12	216700808	12	116700804;1	1
210201701_1	210201701	1	1.2	1
210201701_2	210201701	2	1.5	1
210201701_3	210201701	3	2	1
210201702_1	210201702	1	2.5	1
210201702_2	210201702	2	2.5	1
210201702_3	210201702	3	2.5	1
210201703_1	210201703	1	6	1
210201703_2	210201703	2	6	1
210201703_3	210201703	3	6	1
210201704_1	210201704	1	1;1;0;0;2;1;3;1;5;1;6;1;209;1;210;1	1
210201704_2	210201704	2	1;1;0;0;2;1;3;1;5;1;6;1;209;1;210;1	1
210201704_3	210201704	3	1;1;0;0;2;1;3;1;5;1;6;1;209;1;210;1	1
210201705_1	210201705	1	1.5	1
210201707_1	210201707	1	2.5	1
210201708_1	210201708	1	1;1.5;0;0;2;1.5;3;1.5;5;1.5;6;1.5;209;1.5;210;1.5	1
210201708_2	210201708	2	1;1.5;0;0;2;1.5;3;1.5;5;1.5;6;1.5;209;1.5;210;1.5	1
210201708_3	210201708	3	1;1.5;0;0;2;1.5;3;1.5;5;1.5;6;1.5;209;1.5;210;1.5	1
210400401_1	210400401	1	0.96	1
210400401_2	210400401	2	1.2	1
210400401_3	210400401	3	1.6	1
210400402_1	210400402	1	1.2	1
210400402_2	210400402	2	1.5	1
210400402_3	210400402	3	2	1
210400403_1	210400403	1	2.26	1
210400403_2	210400403	2	2.26	1
210400403_3	210400403	3	2.26	1
210400403_4	210400403	4	2.26	1
217000801_1	217000801	1	0.96	1
217000801_2	217000801	2	1.2	1
217000801_3	217000801	3	1.6	1
217000802_1	217000802	1	0.96	1
217000802_2	217000802	2	1.2	1
217000802_3	217000802	3	1.6	1
217000803_1	217000803	1	1.6	1
217000803_2	217000803	2	1.6	1
217000803_3	217000803	3	1.6	1
217000803_4	217000803	4	1.6	1
217000803_5	217000803	5	1.6	1
217000803_6	217000803	6	1.6	1
217000803_7	217000803	7	1.6	1
217000803_8	217000803	8	1.6	1
217000803_9	217000803	9	1.6	1
217000803_10	217000803	10	1.6	1
217000803_11	217000803	11	1.6	1
217000803_12	217000803	12	1.6	1
217000804_1	217000804	1	2;999999;1;99	1
217000804_2	217000804	2	2;999999;1;99	1
217000804_3	217000804	3	2;999999;1;99	1
217000804_4	217000804	4	2;999999;1;99	1
217000804_5	217000804	5	2;999999;1;99	1
217000804_6	217000804	6	2;999999;1;99	1
217000804_7	217000804	7	2;999999;1;99	1
217000804_8	217000804	8	2;999999;1;99	1
217000804_9	217000804	9	2;999999;1;99	1
217000804_10	217000804	10	2;999999;1;99	1
217000804_11	217000804	11	2;999999;1;99	1
217000804_12	217000804	12	2;999999;1;99	1
217000805_1	217000805	1	102020104;99	1
217000805_2	217000805	2	102020104;99	1
217000805_3	217000805	3	102020104;99	1
217000805_4	217000805	4	102020104;99	1
217000805_5	217000805	5	102020104;99	1
217000805_6	217000805	6	102020104;99	1
217000805_7	217000805	7	102020104;99	1
217000805_8	217000805	8	102020104;99	1
217000805_9	217000805	9	102020104;99	1
217000805_10	217000805	10	102020104;99	1
217000805_11	217000805	11	102020104;99	1
217000805_12	217000805	12	102020104;99	1
217000806_1	217000806	1	102020101;99	1
217000806_2	217000806	2	102020101;99	1
217000806_3	217000806	3	102020101;99	1
217000806_4	217000806	4	102020101;99	1
217000806_5	217000806	5	102020101;99	1
217000806_6	217000806	6	102020101;99	1
217000806_7	217000806	7	102020101;99	1
217000806_8	217000806	8	102020101;99	1
217000806_9	217000806	9	102020101;99	1
217000806_10	217000806	10	102020101;99	1
217000806_11	217000806	11	102020101;99	1
217000806_12	217000806	12	102020101;99	1
217000807_1	217000807	1	117000803;1	1
217000807_2	217000807	2	117000803;1	1
217000807_3	217000807	3	117000803;1	1
217000808_1	217000808	1	117000812;1	1
217000808_2	217000808	2	117000812;1	1
217000808_3	217000808	3	117000812;1	1
217000809_1	217000809	1	117000809;1	1
210201301_1	210201301	1	0.96	1
210201301_2	210201301	2	1.2	1
210201301_3	210201301	3	1.6	1
210201302_1	210201302	1	0.96	1
210201302_2	210201302	2	0.96	1
210201302_3	210201302	3	0.96	1
210201303_1	210201303	1	1.6	1
210201303_2	210201303	2	1.6	1
210201303_3	210201303	3	1.6	1
210201303_4	210201303	4	1.6	1
210201303_5	210201303	5	1.6	1
210201303_6	210201303	6	1.6	1
210201303_7	210201303	7	1.6	1
210201303_8	210201303	8	1.6	1
210201303_9	210201303	9	1.6	1
210201303_10	210201303	10	1.6	1
210201303_11	210201303	11	1.6	1
210201303_12	210201303	12	1.6	1
210201304_1	210201304	1	1.71	1
210201304_2	210201304	2	1.71	1
210201304_3	210201304	3	1.71	1
210201304_4	210201304	4	1.71	1
210400201_1	210400201	1	0.96	1
210400201_2	210400201	2	1.2	1
210400201_3	210400201	3	1.5	1
210400202_1	210400202	1	0.96	1
210400202_2	210400202	2	1.2	1
210400202_3	210400202	3	1.6	1
210400203_1	210400203	1	2.35	1
210400203_2	210400203	2	2.35	1
210400203_3	210400203	3	2.35	1
210400203_4	210400203	4	2.35	1
210400204_1	210400204	1	0.2	1
210400204_2	210400204	2	0.2	1
210400204_3	210400204	3	0.2	1
210400204_4	210400204	4	0.2	1
210400205_1	210400205	1	99	1
210400205_2	210400205	2	99	1
210400205_3	210400205	3	99	1
210400205_4	210400205	4	99	1
210400206_1	210400206	1	199	1
210400206_2	210400206	2	199	1
210400206_3	210400206	3	199	1
210400206_4	210400206	4	199	1
216900801_1	216900801	1	0.96	1
216900801_2	216900801	2	1.2	1
216900801_3	216900801	3	1.5	1
216900802_1	216900802	1	0.96	1
216900802_2	216900802	2	1.2	1
216900802_3	216900802	3	1.5	1
216900803_1	216900803	1	2.82	1
216900803_2	216900803	2	2.82	1
216900803_3	216900803	3	2.82	1
216900803_4	216900803	4	2.82	1
216900804_1	216900804	1	3	1
216900804_2	216900804	2	3	1
216900804_3	216900804	3	3	1
216900805_1	216900805	1	116900801;1	1
216900805_2	216900805	2	116900801;1	1
216900805_3	216900805	3	116900801;1	1
216900806_1	216900806	1	-1	1
216900807_1	216900807	1	0.15	1
210301101_1	210301101	1	0.96	1
210301101_2	210301101	2	1.2	1
210301101_3	210301101	3	1.5	1
210301102_1	210301102	1	0.96	1
210301102_2	210301102	2	1.2	1
210301102_3	210301102	3	1.5	1
210301103_1	210301103	1	2.26	1
210301103_2	210301103	2	2.26	1
210301103_3	210301103	3	2.26	1
210301103_4	210301103	4	2.26	1
210301104_1	210301104	1	20;1	1
210301104_2	210301104	2	20;1	1
210301104_3	210301104	3	20;1	1
210301104_4	210301104	4	20;1	1
210301106_1	210301106	1	0.1	1
210301106_2	210301106	2	0.1	1
210301106_3	210301106	3	0.1	1
210301106_4	210301106	4	0.1	1
210301107_1	210301107	1	0	1
210301107_2	210301107	2	0	1
210301107_3	210301107	3	0	1
210301107_4	210301107	4	0	1
210301108_1	210301108	1	40;1	1
210301108_2	210301108	2	40;1	1
210301108_3	210301108	3	40;1	1
210301108_4	210301108	4	40;1	1
201500801_1	201500801	1	1;0.1;1;4	1
201500802_1	201500802	1	10	1
217100801_1	217100801	1	0.96	1
217100801_2	217100801	2	1.2	1
217100801_3	217100801	3	1.6	1
217100802_1	217100802	1	0.78	1
217100802_2	217100802	2	0.96	1
217100802_3	217100802	3	1.3	1
217100803_1	217100803	1	1.92	1
217100803_2	217100803	2	1.92	1
217100803_3	217100803	3	1.92	1
217100803_4	217100803	4	1.92	1
217100804_1	217100804	1	1	1
217100804_2	217100804	2	1	1
217100804_3	217100804	3	1	1
217100805_1	217100805	1	1	1
217100805_2	217100805	2	1	1
217100805_3	217100805	3	1	1
217100806_1	217100806	1	1	1
217100807_1	217100807	1	117100844;1	1
217100808_1	217100808	1	117100847;1	1
210600501_1	210600501	1	0.96	1
210600501_2	210600501	2	1.2	1
210600501_3	210600501	3	1.5	1
210600502_1	210600502	1	0.96	1
210600502_2	210600502	2	1.2	1
210600502_3	210600502	3	1.5	1
210600503_1	210600503	1	2	1
210600503_2	210600503	2	2	1
210600503_3	210600503	3	2	1
210600503_4	210600503	4	2	1
210600504_1	210600504	1	1	1
210600504_2	210600504	2	1	1
210600504_3	210600504	3	1	1
210600505_1	210600505	1	2.35	1
210600505_2	210600505	2	2.35	1
210600505_3	210600505	3	2.35	1
210600505_4	210600505	4	2.35	1
210600506_1	210600606	1	3.06	1
210600506_2	210600606	2	3.06	1
210600506_3	210600606	3	3.06	1
210600506_4	210600606	4	3.06	1
210600507_1	210600507	1	110600504;12	1
210600508_1	210600508	1	10;0;7;1	1
210600509_1	210600509	1	2	1
210600510_1	210600510	1	3	1
210600511_1	210600511	1	110600506;2	1
217200801_1	217200801	1	0.96	1
217200801_2	217200801	2	1.2	1
217200801_3	217200801	3	1.5	1
217200802_1	217200802	1	0.96	1
217200802_2	217200802	2	1.2	1
217200802_3	217200802	3	1.5	1
217200803_1	217200803	1	2	1
217200803_2	217200803	2	2	1
217200803_3	217200803	3	2	1
217200803_4	217200803	4	2	1
217200804_1	217200804	1	117200807;6	1
217200805_1	217200805	1	1;0.9;0;0;2;0.9;3;0.9;5;0.9;6;0.9;209;0.9;210;0.9	1
217200805_2	217200805	2	1;0.9;0;0;2;0.9;3;0.9;5;0.9;6;0.9;209;0.9;210;0.9	1
217200805_3	217200805	3	1;0.9;0;0;2;0.9;3;0.9;5;0.9;6;0.9;209;0.9;210;0.9	1
217200805_4	217200805	4	1;0.9;0;0;2;0.9;3;0.9;5;0.9;6;0.9;209;0.9;210;0.9	1
217200805_5	217200805	5	1;0.9;0;0;2;0.9;3;0.9;5;0.9;6;0.9;209;0.9;210;0.9	1
217200805_6	217200805	6	1;0.9;0;0;2;0.9;3;0.9;5;0.9;6;0.9;209;0.9;210;0.9	1
217200805_7	217200805	7	1;0.9;0;0;2;0.9;3;0.9;5;0.9;6;0.9;209;0.9;210;0.9	1
217200805_8	217200805	8	1;0.9;0;0;2;0.9;3;0.9;5;0.9;6;0.9;209;0.9;210;0.9	1
217200805_9	217200805	9	1;0.9;0;0;2;0.9;3;0.9;5;0.9;6;0.9;209;0.9;210;0.9	1
217200805_10	217200805	10	1;0.9;0;0;2;0.9;3;0.9;5;0.9;6;0.9;209;0.9;210;0.9	1
217200805_11	217200805	11	1;0.9;0;0;2;0.9;3;0.9;5;0.9;6;0.9;209;0.9;210;0.9	1
217200805_12	217200805	12	1;0.9;0;0;2;0.9;3;0.9;5;0.9;6;0.9;209;0.9;210;0.9	1
217200806_1	217200806	1	1;0.93;0;0;2;0.93;3;0.93;5;0.93;6;0.93;209;0.93;210;0.93	1
217200806_2	217200806	2	1;0.93;0;0;2;0.93;3;0.93;5;0.93;6;0.93;209;0.93;210;0.93	1
217200806_3	217200806	3	1;0.93;0;0;2;0.93;3;0.93;5;0.93;6;0.93;209;0.93;210;0.93	1
217200807_1	217200807	1	1;0.97;0;0;2;0.97;3;0.97;5;0.97;6;0.97;209;0.97;210;0.97	1
217200807_2	217200807	2	1;0.97;0;0;2;0.97;3;0.97;5;0.97;6;0.97;209;0.97;210;0.97	1
217200807_3	217200807	3	1;0.97;0;0;2;0.97;3;0.97;5;0.97;6;0.97;209;0.97;210;0.97	1
217200808_1	217200808	1	1;0.999;0;0;2;0.999;3;0.999;5;0.999;6;0.999;209;0.999;210;0.999	1
217200808_2	217200808	2	1;0.999;0;0;2;0.999;3;0.999;5;0.999;6;0.999;209;0.999;210;0.999	1
217200808_3	217200808	3	1;0.999;0;0;2;0.999;3;0.999;5;0.999;6;0.999;209;0.999;210;0.999	1
217200809_1	217200809	1	1.2	1
217200810_1	217200810	1	3.4	1
217200811_1	217200811	1	117200810;5	1
217200812_1	217200812	1	117200819;1	1
217300801_1	217300801	1	1.2	1
217300801_2	217300801	2	1.6	1
217300801_3	217300801	3	2	1
217300802_1	217300802	1	0.96	1
217300802_2	217300802	2	1.2	1
217300802_3	217300802	3	1.5	1
217300803_1	217300803	1	1.65	1
217300803_2	217300803	2	1.65	1
217300803_3	217300803	3	1.65	1
217300803_4	217300803	4	1.65	1
217300804_1	217300804	1	117200810;2	1
217300805_1	217300805	1	117300808;117300809;117300810;117300811;117300812;117300813;1	1
217300806_1	217300806	1	117300814;1	1
210201001_1	210201001	1	1.2	1
210201001_2	210201001	2	1.6	1
210201001_3	210201001	3	2	1
210201002_1	210201002	1	0.96	1
210201002_2	210201002	2	1.2	1
210201002_3	210201002	3	1.5	1
210201003_1	210201003	1	3.8	1
210201003_2	210201003	2	3.8	1
210201003_3	210201003	3	3.8	1
210201003_4	210201003	4	3.8	1
210201004_1	210201004	1	6	1
210201004_2	210201004	2	6	1
210201004_3	210201004	3	6	1
210201004_4	210201004	4	6	1
210201005_1	210201005	1	117200810;4	1
210201006_1	210201006	1	117200810;8	1
210201007_1	210201007	1	1	1
210201008_1	210201008	1	2	1
210201009_1	210201009	1	6	1