id	type	desc	mainType	condition1	condition1IsTure	condition2	condition2IsTure	condition3	condition3IsTure	condition4	condition4IsTure	condition5	condition5IsTure	isFinal	status
int	int	int	int	int	int	int	int	int	int	int	int	int	int	int	int
1	2	直接生效	10	0	0	0	0	0	0	0	0	0	0		1
1001	1	技能命中时	10	81	1	0	0	0	0	0	0	0	0		1
1002	1	技能结束时	11	0	0	0	0	0	0	0	0	0	0		1
1003	1	技能开始释放时	12	0	0	0	0	0	0	0	0	0	0		1
1004	1	被攻击时	20	81	1	0	0	0	0	0	0	0	0		1
1005	1	己方轮次开始时（己方出牌之前）	30	0	0	0	0	0	0	0	0	0	0		1
1006	1	己方轮次结束时（全体无须填写0）	31	0	0	0	0	0	0	0	0	0	0		1
1007	1	角色自身死亡时（全体无须填写0）	40	0	0	0	0	0	0	0	0	0	0		1
1008	1	开始释放某个特定的技能时（条件为特定的技能ID）	12	76	1	0	0	0	0	0	0	0	0		1
1009	1	角色攻击时	11	75	0	0	0	0	0	0	0	0	0		1
1010	1	行动开始时，角色身上某个BUFF（id=条件参数1_1）的叠加层数>条件参数1_2	30	40	1	0	0	0	0	0	0	0	0		1
1011	1	行动开始时，生命值<NUM1	30	12	0	0	0	0	0	0	0	0	0		1
1012	1	行动开始时，生命值>NUM1	30	12	1	0	0	0	0	0	0	0	0		1
1013	1	行动开始时（全体无须填写0）,增益数量>NUM1	30	20	1	0	0	0	0	0	0	0	0		1
1014	1	行动开始时（全体无须填写0）,增益数量<NUM1	30	20	0	0	0	0	0	0	0	0	0		1
1015	1	被攻击时生命值<NUM1	20	12	0	0	0	0	0	0	0	0	0		1
1018	1	行动开始时，角色身上某个BUFF（id=条件参数1_1）的叠加层数<=条件参数1_2	30	40	0	0	0	0	0	0	0	0	0		1
1019	1	如果被施加的BUFF为增益或减益，则触发（填1判定增益，填2判定减益）	51	43	1	0	0	0	0	0	0	0	0		1
1100	1	行动开始时，角色身上某个BUFF（id=条件参数1_1）的叠加层数<=条件参数1_2，减益BUFF数量<=条件参数2_1	30	40	0	31	0	0	0	0	0	0	0		1
1101	1	携带者使用必杀技时触发	12	86	1	0	0	0	0	0	0	0	0		1
1102	1	大回合开始时	32	0	0	0	0	0	0	0	0	0	0		1
1103	1	大回合结束时	33	0	0	0	0	0	0	0	0	0	0		1
1104	1	轮次结束时，如果身上某个BUFF层数>num1	33	40	1	0	0	0	0	0	0	0	0		1
1105	1	携带者必杀技完全结算结束时触发（只会发动一次）	11	86	1	0	0	0	0	0	0	0	0		1
1106	1	角色失去BUFF时，num1 ID的BUFF层数<num2层	50	40	0	0	0	0	0	0	0	0	0		1
1107	1	角色出牌操作完成后，优先于其他目标出牌前触发	34	0	0	0	0	0	0	0	0	0	0		1
1108	1	角色失去BUFF时，num1 ID的BUFF层数<num2层	50	42	1	0	0	0	0	0	0	0	0		1
1201	1	获得效果时，判断buff的大类型	51	83	1	0	0	0	0	0	0	0	0		1
1202	1	解体用触发器-解体循环用-休眠-自解体-虚弱	52	42	1	0	0	0	0	0	0	0	0		1
1203	1	护盾破灭时	53	0	0	0	0	0	0	0	0	0	0		1
1204	1	特殊解体用-休眠期必须	52	42	1	41	1	0	0	0	0	0	0		1
1205	1	特殊解体用-结束掉解体	50	40	0	0	0	0	0	0	0	0	0		1
1206	1	受到敌方的伤害而损失血量时触发（和1004区分开）	71	81	1	0	0	0	0	0	0	0	0		1
2001	2	概率生效	1	1	1	0	0	0	0	0	0	0	0		1
2002	2	目标的条件参数1_1属性>条件参数1_2	1	10	1	0	0	0	0	0	0	0	0		1
2003	2	目标的条件参数1_1属性<=条件参数1_2	1	10	0	0	0	0	0	0	0	0	0		1
2004	2	目标的血量>NUM%	1	11	1	0	0	0	0	0	0	0	0		1
2005	2	目标的血量<=NUM%	1	11	0	0	0	0	0	0	0	0	0		1
2006	2	自己身上的增益BUFF数量>条件参数1_1	1	20	1	0	0	0	0	0	0	0	0		1
2007	2	自己身上的增益BUFF数量<=条件参数1_1	1	20	0	0	0	0	0	0	0	0	0		1
2008	2	自己身上的减益BUFF数量>条件参数1_1	1	31	1	0	0	0	0	0	0	0	0		1
2009	2	自己身上的减益BUFF数量<=条件参数1_1	1	20	0	0	0	0	0	0	0	0	0		1
2010	2	（弃用，用2018替代）携带者身上有某个ID的BUFF	1	40	1	0	0	0	0	0	0	0	0		1
2011	2	该攻击是否暴击	1	72	1	0	0	0	0	0	0	0	0		1
2012	2	目标身上sp>条件参数1则触发	1	34	1	0	0	0	0	0	0	0	0		1
2013	2	目标身上的负面BUFF数量>条件参数1_1个	1	33	1	0	0	0	0	0	0	0	0		1
2014	2	自身的血量>条件参数1_1*100%	1	12	1	0	0	0	0	0	0	0	0		1
2015	2	自身的血量<=条件参数1_1*100%	1	12	0	0	0	0	0	0	0	0	0		1
2016	2	目标身上的增益BUFF数量>条件参数1_1	1	32	1	0	0	0	0	0	0	0	0		1
2017	2	目标身上的增益BUFF数量<=条件参数1_1	1	32	0	0	0	0	0	0	0	0	0		1
2018	2	自己身上有某个id=条件参数1的buff的层数>条件参数2	1	40	1	0	0	0	0	0	0	0	0		1
2019	2	自己身上有某个id=条件参数1的buff的层数<=条件参数2	1	40	0	0	0	0	0	0	0	0	0		1
2020	2	（怪用）自己身上剩余解体次数>条件参数1_1则发动	1	84	1	0	0	0	0	0	0	0	0		1
2021	2	（怪用）自己身上剩余解体次数<=条件参数1_1则发动	1	84	0	0	0	0	0	0	0	0	0		1
2022	2	目标身上有某个id=条件参数1的buff的层数>条件参数2	1	87	1	0	0	0	0	0	0	0	0		1
2023	2	目标身上有某个id=条件参数1的buff的层数<=条件参数2	1	87	0	0	0	0	0	0	0	0	0		1
2024	2	判断某个ID的BUFF和概率	1	40	1	1	1	0	0	0	0	0	0		1
2025	2	目标身上某种类型（大类、二类、三类、增减益）的buff数量>Num5（叠层的BUFF算作1个数量单位），则触发	1	35	1	0	0	0	0	0	0	0	0		1
2026	2	条件1：判断目标身上 num1的BUFF>NUM2层。条件2：判断概率	1	40	1	1	1	0	0	0	0	0	0		1
2027	2	目标有死亡则触发（针对技能的主目标，多人死亡则多次判定）	1	60	1	0	0	0	0	0	0	0	0		1
2028	2	判断目标血量，及BUFFid	1	11	0	40	1	0	0	0	0	0	0		1
2029	2	判断携带者的2个ID 的BUFF层数	1	40	1	40	0	0	0	0	0	0	0		1
2030	2	判断携带者的2个ID 的BUFF层数	1	40	1	40	1	0	0	0	0	0	0		1
2031	2	如果携带者身上某个id=条件参数1_1的buff<=条件参数1_2层，则有条件参数2_1*100%的概率触发	1	40	0	1	1	0	0	0	0	0	0		1
2032	2	目标身上sp>条件参数1则触发	1	34	0	0	0	0	0	0	0	0	0		1
2033	2	如果目标的职业为条件参数1则触发（1、壁垒；2、秘术；3、战士；4、支援）	1	94	1	0	0	0	0	0	0	0	0		1
2034	2	当目标存在目标身上大类=Num1，二类=Num2，三类=Num3，增减益=Num4（填0表示增减益都算入）的buff数量>Num5时触发	1	35	1	0	0	0	0	0	0	0	0		1
2035	2	如果目标在关卡表内的类型为num1	1	104	1	0	0	0	0	0	0	0	0		1
2036	2	如果敌方人数>条件参数1则触发	1	73	1	0	0	0	0	0	0	0	0		1
2037	2	如果敌方人数<=条件参数1则触发	1	73	0	0	0	0	0	0	0	0	0		1
2038	2	如果自己身上某个id的buff>条件参数1_2，并且目标身上大类=Num1，二类=Num2，三类=Num3，增减益=Num4（填0表示增减益都算入）的buff数量>Num5则触发	1	40	1	35	1	0	0	0	0	0	0		1
2039	2	目标身上某种类型（大类、二类、三类、增减益）的buff数量小于等于num5（叠层的BUFF算作1个数量单位），则触发	1	35	0	0	0	0	0	0	0	0	0		1
2040	2	攻击没有暴击	1	72	0	0	0	0	0	0	0	0	0		1
2041	2	当前技能是否为主动释放	1	77	0	0	0	0	0	0	0	0	0		1
2042	2	携带者身上id=参数1_1，的buff层数>参数1_2，并且目标身上的负面BUFF数量>条件参数2_1个	1	40	1	33	1	0	0	0	0	0	0		1
2043	2	造成伤害时，如果目标身上条件参数1_1的buff>条件参数1_2层，条件参数2_1概率触发	11	87	1	1	1	0	0	0	0	0	0		1
3005	1	失去buff时，如果buff的二类=条件1，三类=条件2则触发	50	83	1	0	0	0	0	0	0	0	0		1
3006	1	填入条件参数“2X”，会在X回合后的行动开始时触发	30	75	1	0	0	0	0	0	0	0	0		1
3007	1	填入条件参数“2X-2”，会在X回合后的回合结束时触发	31	75	1	0	0	0	0	0	0	0	0		1
3008	1	行动开始时，如果解体数量<=【参数1】则触发	30	84	0	0	0	0	0	0	0	0	0		1
3012	1	自获得此触发器起计时，每有一方回合结束，计时+1，计时>条件参数1则触发	33	75	1	0	0	0	0	0	0	0	0		1
3013	1	目标身上的DEBUFF超过NUM1个	12	33	1	0	0	0	0	0	0	0	0		1
3015	1	目标的生命大于NUM1	12	11	1	0	0	0	0	0	0	0	0		1
3016	1	目标的生命小于NUM1	12	11	0	0	0	0	0	0	0	0	0		1
3017	1	使用NUM1类型的技能结束时，敌方目标死亡	11	88	1	81	1	60	1	0	0	0	0		1
4001	1	回合结束时，自身sp点小于等于NUM点时	31	85	0	0	0	0	0	0	0	0	0		1
4002	1	回合结束时，自身sp点大于NUM点时	31	85	1	0	0	0	0	0	0	0	0		1
4003	1	暴击时	10	72	1	81	1	0	0	0	0	0	0		1
7001	1	技能结束时，如果技能ID=条件参数1则触发	11	76	1	0	0	0	0	0	0	0	0		1
7002	1	获得某个buff时，如果这个buff的id=条件1则触发	51	42	1	0	0	0	0	0	0	0	0		1
7003	1	获得某个buff时，如果这个buff的id=条件1，跑个概率触发	51	42	1	1	1	0	0	0	0	0	0		1
7004	1	轮次结束时，如果自己身上有某个buff的层数>条件参数1则触发	31	40	1	0	0	0	0	0	0	0	0		1
7005	1	失去某个buff时，如果这个buff的id=条件1则触发	50	42	1	0	0	0	0	0	0	0	0		1
7011	1	通用解体效果触发器（失去某个buff时，如果此buff的二类=条件参数1_1，三类=条件参数1_2，同时触发器携带者身上的剩余解体次数>条件参数2_1，则触发效果）	50	83	1	84	1	0	0	0	0	0	0		1
7012	1	大回合开始时,如果自己的生命值>条件参数1_1则触发	32	12	1	0	0	0	0	0	0	0	0		1
7013	1	大回合开始时，如果自己的解体次数<=x则触发	32	84	0	0	0	0	0	0	0	0	0		1
7014	1	获得BUFF后，如果这个BUFF的ID=条件参数1_1，并且自己身上某个id=条件参数2_1的BUFF的层数>条件参数2_2则触发	51	42	1	40	1	0	0	0	0	0	0		1
7015	1	开始释放技能时，如果此技能id=条件参数1，并且携带者身上某个id=条件2_1的技能的层数>条件参数2_2，则触发	12	76	1	40	1	0	0	0	0	0	0		1
7019	1	轮次结束时，如果自己身上的sp<=条件参数1_1，并且身上id=条件参数2_1的buff层数<=条件参数2_2，则触发	31	85	0	40	0	0	0	0	0	0	0		1
7020	1	开始释放技能时，判断自身num1BUFF<num2层	12	40	0	0	0	0	0	0	0	0	0		1
7021	1	开始释放技能时，判断自身num1BUFF>num2层	12	40	1	0	0	0	0	0	0	0	0		1
7024	1	某指定固定ID的BUFF自然消失时，1.判断BUFFID 2.判断是否自然消失。	50	42	1	41	1	0	0	0	0	0	0		1
7029	1	技能命中时，判断自身身上的BUFF（NUM1）>num2层	10	40	0	0	0	0	0	0	0	0	0		1
7030	1	技能释放开始时，如果技能的id不等于条件参数1_1	12	76	0	0	0	0	0	0	0	0	0		1
7031	1	受到技能hit或治疗效果时如果为进攻技能卡（条件参数1_1）则概率（条件参数2_1）发动	20	88	1	1	0	0	0	0	0	0	0		1
7032	1	失去BUFF时，判断自身是否有某种类型的BUFF是否<X层	50	35	0	0	0	0	0	0	0	0	0		1
7033	1	己方阵营（除开自己）释放sp技能结束时触发	59	86	1	80	1	82	0	0	0	0	0		1
7034	1	技能结束时，如果技能ID=条件参数1，并且目标的血量>条件参数2则触发	11	76	1	0	0	0	0	0	0	0	0		1
7035	1	携带者的护盾被击破时，如果buff的id=条件参数1，则触发	53	42	1	0	0	0	0	0	0	0	0		1
7036	1	释放技能结束时，如果技能类型=条件参数1（1、buff 2、进攻3、DEBUFF4、恢复），并且目标的生命值>条件参数2则触发	11	88	1	11	1	0	0	0	0	0	0		1
7037	1	其他人的技能释放开始时，如果客体阵营=我方，技能类型label=条件参数2，目标的生命值<=num1	56	80	1	88	1	11	0	0	0	0	0		1
7038	1	有角色死亡时，死者阵营=敌方，有60%概率触发	41	81	1	1	1	0	0	0	0	0	0		1
7039	1	技能结束时，如果技能ID=条件参数1，并且目标的血量<=条件参数2则触发	11	76	1	11	0	0	0	0	0	0	0		1
7040	1	大回合开始时，如果自身sp>条件参数1则触发	32	85	1	0	0	0	0	0	0	0	0		1
7041	1	释放技能开始时，如果此技能为sp且自己身上的id=条件参数2_1的buff的叠加层数>条件参数2_2则触发	12	86	1	40	1	0	0	0	0	0	0		1
7042	1	释放技能开始时，如果此技能=sp技，并且目标的生命值<=条件参数2，则触发	12	86	1	11	0	0	0	0	0	0	0		1
7043	1	释放技能开始时，如果目标身上某个id=条件参数1_1的BUFF的层数>条件参数1_2，则触发	12	87	1	0	0	0	0	0	0	0	0		1
7044	1	自己的轮次开始时，如果自己的sp>条件参数1则触发	30	85	1	0	0	0	0	0	0	0	0		1
7045	1	己方阵营（除开自己）释放sp技能结束时触发	59	86	1	80	1	0	0	0	0	0	0		1
7046	1	技能结束后，如果目标身上有某种大类；二类；三类的增减益效果层数>条件参数1_4则概率触发	11	35	1	1	1	0	0	0	0	0	0		1
7047	1	释放技能后，如果技能的id不为条件参数1则触发	11	76	0	0	0	0	0	0	0	0	0		1
7049	1	己方轮次开始时，如果携带者身上有某个类型的效果，并且sp<=条件参数2，概率发动	30	36	1	85	0	1	1	0	0	0	0		1
7050	1	己方轮次开始时，如果携带者身上有某个类型的效果，并且sp>条件参数2，则发动	30	36	1	85	1	0	0	0	0	0	0		1
7051	1	其他人释放技能结束后，技能位置=sp则触发	55	86	1	0	0	0	0	0	0	0	0		1
7052	1	自己的技能释放结束后，概率发动	11	1	1	0	0	0	0	0	0	0	0		1
7053	1	造成hit时，如果技能的id=条件参数1，并且目标身上buff=190000001的层数>0，则触发	10	76	1	87	1	0	0	0	0	0	0		1
7054	1	技能释放开始时，如果技能的id不等于条件参数1_1，并且自己身上携带有某个条件参数2的buff则触发	12	76	0	40	1	0	0	0	0	0	0		1
7055	1	其他人造成hit时（客体施法者）	58	80	1	72	1	0	0	0	0	0	0		1
7056	1	技能开始释放时，如果目标的生命值<=num_1_1，并且技能技能id=num_2_1	12	11	0	76	1	0	0	0	0	0	0		1
7057	1	技能命中时，判断自身的num1id的buff层数	10	40	1	0	0	0	0	0	0	0	0		1
7058	1	任意角色死亡则触发	41	82	0	0	0	0	0	0	0	0	0		1
7059	1	受到技能hit或治疗效果时如果为进攻技能卡（条件参数1_1）则概率（条件参数2_1）发动	20	88	1	1	1	87	1	0	0	0	0		1
7060	1	轮次结束时，如果携带者身上存在【大类=参数1_1，二类=参数1_2，三类=参数1_3，增减益=参数1_4】的Buff数量>参数1_5则触发	31	36	1	0	0	0	0	0	0	0	0		1
7061	1	其他人释放技能结束时，如果技能类型为进攻技能，客体目标为自己则触发	55	88	1	82	1	0	0	0	0	0	0		1
7062	1	技能开始时，如果携带者身上存在【大类=参数1_1，二类=参数1_2，三类=参数1_3，增减益=参数1_4】的Buff数量>参数1_5则触发	12	36	1	0	0	0	0	0	0	0	0		1
7063	1	大回合开始时，跑概率条件参数1_1则触发	32	1	1	0	0	0	0	0	0	0	0		1
7065	1	大回合结束时，如果携带者身上的sp点<=条件参数1_1则触发	33	85	0	0	0	0	0	0	0	0	0		1
7070	1	己方轮次结束时，如果自己的hp>条件参数1_1则触发	31	12	1	0	0	0	0	0	0	0	0		1
7072	1	释放技能结束时，如果目标身上某个id=条件参数1_1的BUFF的层数>条件参数1_2，并且技能是sp则触发	11	87	1	86	1	0	0	0	0	0	0		1
7073	1	大回合结束时，如果携带者身上不存在【大类=参数1_1，二类=参数1_2，三类=参数1_3，增减益=参数1_4】的Buff数量>参数1_5则触发	33	36	0	0	0	0	0	0	0	0	0		1
7074	1	增益效果消失时，有概率触发	50	43	1	1	1	0	0	0	0	0	0		1
7075	1	技能结束时，如果是恢复技能，则获取标记	12	88	1	0	0	0	0	0	0	0	0		1
7079	1	释放技能结束时，目标的血量>NUM1	11	11	1	0	0	0	0	0	0	0	0		1
7084	1	其他施放技能开始时，如果客体是携带者自己，技能为Sp技则触发	56	86	1	82	1	0	0	0	0	0	0		1
7086	1	技能结束时，如果技能id=条件参数1_1，并且目标身上的buffId=条件参数2_1的buff层数>条件参数2_2则触发	11	76	1	87	1	0	0	0	0	0	0		1
7087	1	技能结束时，如果技能id=条件参数1_1，并且目标死亡则触发	11	76	1	60	1	0	0	0	0	0	0		1
7089	1	队友开始释放Sp技能时	60	80	1	86	1	0	0	0	0	0	0		1
7092	1	队友开始释放Sp技能时，且SP点<xxx	60	80	1	86	1	85	0	0	0	0	0		1
7093	1	技能开始时，如果目标身上某个类型的buff层数>条件参数1_5则触发	12	35	1	0	0	0	0	0	0	0	0		1
7094	1	技能释放结束后，如果技能id=条件参数1_1，并且目标没有死亡则触发	11	76	1	60	0	0	0	0	0	0	0		1
7096	1	技能开始时，如果技能id=43103006，目标血量<=0.4则触发	12	76	1	11	0	0	0	0	0	0	0		1
7097	1	技能结束时，如果技能id=条件参数1_1，并且目标身上的buffId=条件参数2_1的buff层数>条件参数2_2，并且目标血量<=条件参数3_1则触发	11	76	1	87	1	11	0	0	0	0	0		1
7098	1	SP点处于某个NUM1；NUM2之间	33	85	1	85	0	0	0	0	0	0	0		1
7099	1	技能命中时，判断身上没有某个ID的BUFF	11	40	0	0	0	0	0	0	0	0	0		1
7100	1	技能结束时，概率判断,非Sp技能	11	1	1	86	0	0	0	0	0	0	0		1
7101	1	技能命中时，判断目标的血量	10	11	1	0	0	0	0	0	0	0	0		1
7202	1	如果增益效果不大于X层	11	32	0	0	0	0	0	0	0	0	0		1
7205	1	技能结束时，判断身上有某个ID=num_1_1的BUFF，层数>num_1_2，并有某个ID=num_2_1的BUFF，层数>num_2_2，则触发	11	40	1	40	0	0	0	0	0	0	0		1
7206	1	攻击时，目标有增益BUFF	12	32	1	0	0	0	0	0	0	0	0		1
7208	1	被攻击时，自身有减益BUFF	30	31	1	0	0	0	0	0	0	0	0		1
7209	1	BUFF将消而消失	52	41	1	44	1	0	0	0	0	0	0		1
7210	1	敌方释放某ID的技能时	59	81	1	76	1	0	0	0	0	0	0		1
7211	1	非自己角色死亡时触发	41	0	0	0	0	0	0	0	0	0	0		1
7212	1	释放技能开始时，如果目标身上某个id=条件参数1_1的BUFF的层数>条件参数1_2，并且这个技能卡label类型=条件参数2_1则触发	12	87	1	88	1	0	0	0	0	0	0		1
7213	1	被攻击时，如果携带者身上某个id的BUFF>条件参数1_1层，则概率条件参数2_1触发	20	40	1	1	1	81	1	0	0	0	0		1
7214	1	造成伤害后，如果目标身上某个id=条件参数1_1的buff>条件参数1_2层，并且携带者身上id=条件参数2_1的buff<=条件参数2_2层则触发	10	87	1	40	0	0	0	0	0	0	0		1
7215	1	造成伤害时，如果目标身上条件参数1_1的buff>条件参数1_2层，条件参数2_1概率触发	10	87	1	1	1	0	0	0	0	0	0		1
7216	1	低于条件1的BUFF（NUM1），num2层时，且条件2的BUFF(NUM3)，NUM4层时不生效。	50	40	0	40	0	0	0	0	0	0	0		1
7217	1	大回合开始时，自己身上某个BUFF（id=条件参数1_1）的叠加层数<=条件参数1_2	32	40	0	0	0	0	0	0	0	0	0		1
7218	1	被攻击时，如果攻击者身上某个id的BUFF>条件参数1_1层，则概率条件参数2_1触发	20	88	1	87	1	1	1	0	0	0	0		1
7219	1	技能开始时，判断技能ID，判断自身的增减益数量是否大于>条件2_2层	12	76	1	31	1	0	0	0	0	0	0		1
7222	1	被攻击时，身上ID的BUFF层数小于等于0时	20	40	0	0	0	0	0	0	0	0	0		1
7223	1	我方回合开始时，概率触发	30	1	1	0	0	0	0	0	0	0	0		1
7230	1	攻击时，生命值低于x%,概率触发	10	12	0	1	1	0	0	0	0	0	0		1
7232	1	血量低于X%，概率触发	30	12	0	1	1	0	0	0	0	0	0		1
7233	1	攻击时，目标SP点大于X点	10	88	1	34	1	87	0	0	0	0	0		1
7234	1	释放进攻技能时，目标SP小于X点	12	88	1	34	0	0	0	0	0	0	0		1
7235	1	存活的友方单位小于X时	1	74	0	0	0	0	0	0	0	0	0		1
7236	1	被攻击时，技能是SP技能	20	86	1	0	0	0	0	0	0	0	0		1
7237	1	受到进攻技能攻击时，血量低于2点	20	88	1	10	0	0	0	0	0	0	0		1
7238	1	回合结束，血量低于2点	31	10	0	0	0	0	0	0	0	0	0		1
7239	1	自身合开始时，自己身上某个BUFF（id=条件参数1_1）的叠加层数<=条件参数1_2	30	40	0	0	0	0	0	0	0	0	0		1
7240	1	自身合开始时，自己身上某个BUFF（id=条件参数1_1）的叠加层数>条件参数1_2	30	40	1	0	0	0	0	0	0	0	0		1
7241	1	我方回合结束时，概率触发	31	1	1	0	0	0	0	0	0	0	0		1
7242	1	其他人释放技能开始时，如果施法者为友方，技能为sp技则触发	60	86	1	80	1	0	0	0	0	0	0		1
7243	1	技能释放结束时，如果自身hp<=50%则触发	11	12	0	0	0	0	0	0	0	0	0		1
7244	1	技能HIT结束时，如果技能id=条件参数1_1，并且目标死亡则触发	10	76	1	60	1	0	0	0	0	0	0		1
7245	1	生命值低于50%时，受到伤害	20	12	0	0	0	0	0	0	0	0	0		1
7246	1	自身回合结束时，身上ID的BUFF大于X层	31	40	1	0	0	0	0	0	0	0	0		1
7247	1	免疫BUFF时	62	0	0	0	0	0	0	0	0	0	0		1
7248	1	获得效果时，自己身上某个BUFF（id=条件参数1_1）的叠加层数>条件参数1_2	51	40	1	0	0	0	0	0	0	0	0		1
7249	1	敌方存活目标大于2	1	73	1	0	0	0	0	0	0	0	0		1
7250	1	攻击自身的人技能释放结束时	59	81	1	0	0	0	0	0	0	0	0		1
7251	1	攻击自身的人技能开始释放时	60	88	1	81	1	1	1	0	0	0	0		1
7252	1	回合结束时，自身生命值低于	33	12	0	0	0	0	0	0	0	0	0		1
7253	1	技能命中时，目标身上没有BUFFID	10	88	1	87	0	101	0	81	1	0	0		1
7254	1	技能命中时，目标身上没有BUFFID，概率触发	10	88	1	87	0	1	1	101	0	81	1		1
7255	1	攻击自己的人技能释放结束时	59	0	0	0	0	0	0	0	0	0	0		1
7256	1	技能命中时，	10	88	1	101	1	81	1	0	0	0	0		1
7257	1	技能命中时，概率触发	10	88	1	1	1	101	1	81	1	0	0		1
7258	1	己方阵营（除开自己）释放sp技能结束时触发	55	86	1	81	1	1	1	0	0	0	0		1
7259	1	大回合开始时，自身sp>参数1则触发	32	85	1	40	0	0	0	0	0	0	0		1
7260	1	释放技能开始时，如果是sp技则触发	56	86	1	0	0	0	0	0	0	0	0		1
7261	1	大回合开始时，如果sp>5，并且自己身上某个buff层数<=0参数2则触发	32	85	1	40	0	0	0	0	0	0	0		1
7262	1	己方阵营释放sp技能开始时触发	60	86	1	80	1	82	0	0	0	0	0		1
7263	1	获得BUFF时，如果其大、二、三类符合（参数1_1到参数1_3）则触发	51	83	1	0	0	0	0	0	0	0	0		1
7264	1	获得BUFF时，如果参数1BUFF的层数足够，层数2BUFF的层数也足够则触发	32	40	1	40	1	0	0	0	0	0	0		1
7265	1	技能结束时，如果技能ID=条件参数1则触发	11	76	1	1	1	0	0	0	0	0	0		1
7266	1	技能释放结束后，如果技能id=条件参数1，目标身上条件参数2的BUFF满足层数，则概率触发	11	76	1	87	1	1	1	0	0	0	0		1
7267	1	受到hit时，如果自己身上参数1的buff层数满足，参数2概率触发	20	40	1	1	1	0	0	0	0	0	0		1
7268	1	除自己外的友方释放技能结束后，如果为进攻卡则触发	55	88	1	81	1	0	0	0	0	0	0		1
7269	1	攻击克制目标时	10	92	0	0	0	0	0	0	0	0	0		1
7270	1	开始释放某个ID=条件参数1的技能时，条件参数2概率触发	12	76	1	1	1	0	0	0	0	0	0		1
7271	1	被攻击时判断技能ID	20	76	1	1	1	0	0	0	0	0	0		1
7272	1	技能开始时，如果携带者身上存在【大类=参数1_1，二类=参数1_2，三类=参数1_3，增减益=参数1_4】的Buff数量<=参数1_5则触发	12	36	0	0	0	0	0	0	0	0	0		1
7273	1	敌方的技能结束后，条件参数2概率触发，条件参数3判定技能卡类型	59	81	1	1	1	88	1	0	0	0	0		1
7274	1	携带者施加升星技能时	64	96	1	0	0	0	0	0	0	0	0		1
7275	1	携带者技能开始释放时，若目标maxHp/自身maxHp>1+条件参数1	12	95	1	0	0	0	0	0	0	0	0		1
7276	1	技能开始时，如果携带者身上存在【大类=参数1_1，二类=参数1_2，三类=参数1_3，增减益=参数1_4】的Buff数量>参数1_5，技能LABEL为参数2，则有参数3概率触发	12	36	1	88	1	1	1	0	0	0	0		1
7277	1	技能开始时，目标身上有某个id=条件参数1的buff的层数>条件参数2	11	87	1	0	0	0	0	0	0	0	0		1
7278	1	其他人造成hit时（客体施法者），如果阵营为友方，造成暴击，则有参数3的概率触发	58	80	1	72	1	1	1	0	0	0	0		1
7279	1	v3版主线-某个BUFF消失时，判断是否是BUFF自身	52	44	1	41	0	0	0	0	0	0	0		1
7280	1	释放技能时，自身存自某个ID = 条件参数1的BUFF层数>条件2	12	40	1	0	0	0	0	0	0	0	0		1
7281	1	释放技能时，自身存自某个ID = 条件参数1的BUFF层数>条件2，有概率条件3	12	40	1	1	1	0	0	0	0	0	0		1
7282	1	其他友方释放技能结束后，如果LABEL为条件参数1，有条件参数2的概率发动	59	88	1	1	1	80	1	0	0	0	0		1
7283	1	其他人释放（与运算条件参数1_1）星级的技能后，则触发	55	93	1	86	0	0	0	0	0	0	0		1
7284	1	被HIT时，（与运算条件参数1_1）星级的技能	20	93	1	0	0	0	0	0	0	0	0		1
7285	1	被hit后，如果技能类型为条件参数1，则触发	20	88	1	0	0	0	0	0	0	0	0		1
7286	1	技能开始时，如果目标身上某个类型的buff层数<=条件参数1_5则触发	12	35	0	0	0	0	0	0	0	0	0		1
7287	1	被攻击时-该攻击命中	20	70	1	0	0	0	0	0	0	0	0		1
7288	1	被攻击时-该攻击被闪避	20	71	1	0	0	0	0	0	0	0	0		1
7289	1	其他角色释放技能时，如果客体（被攻击者）是敌方，并且技能id=条件参数1，则触发	55	76	1	81	1	0	0	0	0	0	0		1
7290	1	被攻击时，如果携带者身上存在【大类=参数1_1，二类=参数1_2，三类=参数1_3，增减益=参数1_4】的Buff数量>参数1_5，有概率触发	20	36	1	1	1	81	1	0	0	0	0		1
7291	2	目标身上的负面BUFF数量>条件参数1_1个，有概率-参数2 触发	1	33	1	1	1	0	0	0	0	0	0		1
7292	1	被攻击时，BUFF1>?,BUFF<?	20	40	1	40	0	0	0	0	0	0	0		1
7293	1	v3版主线-某个BUFF消失时，判断是否是BUFF自身	52	44	1	0	0	0	0	0	0	0	0		1
7294	1	v3版主线-某个BUFF消失时，判断是否是BUFF自身	52	44	1	41	1	0	0	0	0	0	0		1
7295	1	被hit后，如果技能类型为条件参数1，并且技能id<>条件参数2，则触发	20	88	1	76	0	0	0	0	0	0	0		1
7296	1	释放技能结束时，目标的血量<NUM1	11	11	0	0	0	0	0	0	0	0	0		1
7297	1	攻击时，生命值低于50%，又几率触发	10	11	0	1	1	0	0	0	0	0	0		1
7298	1	回合结束时，自身生命值大于	33	12	1	0	0	0	0	0	0	0	0		1
7299	1	释放进攻技能时，目标数量大于X	12	88	1	90	1	81	1	0	0	0	0		1
7300	1	释放技能时，自身颜色为	10	98	1	88	1	81	1	0	0	0	0		1
7301	1	释放进攻技能时，目标数量等于1	12	88	1	101	1	0	0	0	0	0	0		1
7302	1	被SP技能攻击时	20	88	1	86	1	0	0	0	0	0	0		1
7303	1	释放技能时，身上SP点数大于3	12	85	1	0	0	0	0	0	0	0	0		1
7304	1	护盾类BUFF消失时	52	83	1	41	1	0	0	0	0	0	0		1
7305	1	技能释放结束时，生命值大于50%	11	12	1	0	0	0	0	0	0	0	0		1
7306	1	释放治疗技能时	12	88	1	0	0	0	0	0	0	0	0		1
7307	1	友方技能释放结束时	59	80	1	0	0	0	0	0	0	0	0		1
7308	1	释放技能时目标身上IDBUFF小于等于	12	87	0	0	0	0	0	0	0	0	0		1
7309	1	释放技能前，判断技能的标签类型=参数1，判断目标身上是否存在id=参数2_1的buff>参数2_2层	12	88	1	87	1	0	0	0	0	0	0		1
7310	1	敌方释放BUFF技能时	59	88	1	81	1	0	0	0	0	0	0		1
7311	1	回合开始时，判断自身颜色	32	98	1	0	0	0	0	0	0	0	0		1
7312	1	攻击时，单段攻击伤害/目标最大生命 > 参数1时触发	10	99	1	101	1	0	0	0	0	0	0		1
7313	1	被攻击时，受到的单段攻击伤害/自身最大生命 > 参数1时触发	20	99	1	0	0	0	0	0	0	0	0		1
7314	1	受击攻击技能时，有概率触发	20	88	1	1	1	0	0	0	0	0	0		1
7315	1	回合结束，当前生命值/自身最大生命值<参数1时触发	33	12	0	0	0	0	0	0	0	0	0		1
7316	1	友方技能释放结束时有概率	59	80	1	1	1	0	0	0	0	0	0		1
7317	1	回合开始时，当前生命值/自身最大生命值<参数1时触发	32	12	0	0	0	0	0	0	0	0	0		1
7318	1	自己身上有某个id=条件参数1的buff的层数>条件参数2	11	40	1	0	0	0	0	0	0	0	0		1
7319	1	释放的技能在技能表上的字段label=条件参数1触发	12	88	1	0	0	0	0	0	0	0	0		1
7320	1	释放的技能在技能表上的字段label=条件参数1,有参数2概率触发	12	88	1	1	1	0	0	0	0	0	0		1
7321	1	释放的技能在技能表上的字段label不等于条件参数1触发	12	88	0	0	0	0	0	0	0	0	0		1
7322	1	战斗开始时	65	0	0	0	0	0	0	0	0	0	0		1
7323	1	敌方释放进攻3星技能时	20	93	1	86	0	0	0	0	0	0	0		1
7324	1	敌方开始释放技能时，技能ID=X时	60	76	1	0	0	0	0	0	0	0	0		1
7325	1	敌方开始释放技能时，技能星级=X时	60	93	1	0	0	0	0	0	0	0	0		1
7326	1	敌方释放技能结束时，技能ID=X结束时	59	76	1	0	0	0	0	0	0	0	0		1
7327	1	敌方开始释放技能时，技能ID=X时，技能星级=X时	60	76	1	93	1	0	0	0	0	0	0		1
7328	1	敌方结束释放技能时，技能ID=X时，技能星级=X时	59	76	1	93	1	0	0	0	0	0	0		1
7329	1	获得效果时，idbuff>X	51	40	1	0	0	0	0	0	0	0	0		1
7330	1	敌方释放sp技能开始时	60	86	1	81	1	0	0	0	0	0	0		1
7331	1	造成伤害时，敌方死亡，切伤害>0	10	60	1	99	1	0	0	0	0	0	0		1
7332	1	造成伤害时，目标血量<参数1	10	11	0	0	0	0	0	0	0	0	0		1
7333	1	技能开始释放时，生命值低于，生命值高于	12	12	1	12	0	0	0	0	0	0	0		1
7334	1	受到攻击时，技能段数大于3	55	88	1	100	1	103	1	0	0	0	0		1
7335	1	自身为敌方SP技能的目标时	60	88	1	86	1	103	1	0	0	0	0		1
7336	1	攻击时，目标血量大于X有X概率	10	11	1	1	1	0	0	0	0	0	0		1
7337	1	释放非进攻技能时，且技能为X星	12	88	0	93	1	86	0	0	0	0	0		1
7338	1	释放进攻技能时，不是单体，且技能为X星	12	88	1	93	1	101	0	86	0	0	0		1
7339	1	其他人释放进攻技能时，技能释放者身上的buff大于	60	81	1	87	1	0	0	0	0	0	0		1
7340	1	其他人释放进攻技能时，技能释放者身上的buff小于	60	81	1	87	0	0	0	0	0	0	0		1
7341	1	造成伤害时，技能为进攻技能	10	88	1	101	0	81	1	0	0	0	0		1
7342	1	造成伤害时目标为BOSS	10	104	1	11	1	1	1	88	1	81	1		1
7343	1	敌方释放治疗技能时，且自身buff层数大于	59	88	1	81	1	40	1	0	0	0	0		1
7344	1	敌方释放治疗技能时，且自身buff层数小于	59	88	1	81	1	40	0	0	0	0	0		1
7345	1	释放单体技能时，目标不是召唤物	12	88	1	101	1	107	0	0	0	0	0		1
7400	1	其他角色释放技能结束后，如果段数>条件参数1，并且施法者阵容=友方，有条件参数3的概率触发	59	100	1	80	1	1	1	0	0	0	0		1
7401	1	其他角色释放技能结束后，如果label=条件参数1，施法者阵容=敌方，则触发	59	88	1	81	1	0	0	0	0	0	0		1
7402	1	其他角色释放技能结束后，如果段数>条件参数1，施法者阵容=友方，则触发	59	100	1	80	1	0	0	0	0	0	0		1
7403	1	其他角色释放技能hit后，如果目标阵容=敌方，目标身上有buff层数>条件参数2_2，有条件参数3的概率去触发	54	81	1	87	1	1	1	0	0	0	0		1
7404	1	其他角色释放技能开始后，如果label=条件参数1，施法者阵容=友方，则触发	60	88	1	80	1	0	0	0	0	0	0		1
7405	1	其他角色释放技能hit后，如果label=条件参数1，施法者阵容=友方，则触发	58	88	1	80	1	0	0	0	0	0	0		1
7406	1	其他角色释放技能结束后，如果label=条件参数1，施法者阵容=友方，则触发	59	88	1	80	1	0	0	0	0	0	0		1
7407	1	其他角色释放技能开始时，如果label=条件参数1，施法者职业=条件参数2，施法者阵容=友方，则触发	60	88	1	97	1	80	1	0	0	0	0		1
7408	1	其他人施法结束后，如果isAoe=条件参数1，职业=条件参数2，施法者阵容=友方	59	101	0	94	1	80	1	0	0	0	0		1
7409	1	失去buff时，如果buff的二类=条件1，三类=条件2则触发	50	83	1	43	1	0	0	0	0	0	0		1
7410	1	技能结束时，如果目标身上某个类型的buff层数<=条件参数1_5则触发	11	35	0	0	0	0	0	0	0	0	0		1
7411	1	技能结束时，如果技能ID=条件参数1则触发	11	76	1	40	1	0	0	0	0	0	0		1
7412	1	造成hit时，如果技能的id=条件参数1，则触发	10	76	1	1	1	0	0	0	0	0	0		1
7413	1	HIT后，如果暴击，并且自身hp<=条件参数2_1则触发	10	72	1	12	0	0	0	0	0	0	0		1
7414	1	其他友方释放技能结束后，如果星级为条件参数1，阵营为友方	59	93	1	80	1	86	0	0	0	0	0		1
7415	1	其他角色释放技能结束后，如果label=条件参数1，施法者阵容=敌方，则触发	59	88	1	81	1	1	1	0	0	0	0		1
7416	1	回合开始时判断我方人数	33	74	0	0	0	0	0	0	0	0	0		1
7417	1	技能释放结束后，如果hit>条件参数1，则触发	11	100	1	0	0	0	0	0	0	0	0		1
7418	1	友方被攻击时有概率触发	61	80	1	1	1	0	0	0	0	0	0		1
7419	1	入场时释放3星专用技能	66	0	0	0	0	0	0	0	0	0	0		1
7420	1	释放单体技能时	12	101	1	81	1	0	0	0	0	0	0		1
7421	1	其他人技能结束时（目标为客体），如果自己身上某个BUFF>参数1，技能id=条件参数2，客体阵营=敌方，则触发	55	40	1	76	1	81	1	0	0	0	0		1
7422	1	敌方技能释放结束时，自身生命值低于X	59	12	0	81	1	0	0	0	0	0	0		1
7423	1	进攻技能攻击时有X概率	10	88	1	1	1	81	1	0	0	0	0		1
7424	1	当受到攻击时概率返还敌人目标自身攻击伤害	20	88	1	1	1	81	1	0	0	0	0		1
7425	1	攻击时目标血量低于	10	88	1	11	0	1	1	81	1	0	0		1
7426	1	攻击时判定目标身上是否有某个BUFFID	10	88	1	87	1	81	1	0	0	0	0		1
7427	1	被攻击时判定自身身上是否有某个BUFFID	59	81	1	88	1	40	1	0	0	0	0		1
7428	1	释放进攻技能时，目标数量等于1	12	88	1	101	1	81	1	0	0	0	0		1
7429	1	受到敌人进攻技能攻击时	20	88	1	81	1	0	0	0	0	0	0		1
7430	1	攻击时，自身颜色为X，则概率触发	10	98	1	81	1	0	0	0	0	0	0		1
7431	1	敌方释放进攻技能结束时，自身buff大于	59	88	1	40	1	81	1	0	0	0	0		1
7432	1	敌方释放进攻技能结束	59	88	1	81	1	0	0	0	0	0	0		1
7433	1	友方技能释放结束时，自身sp满	59	85	1	80	1	0	0	0	0	0	0		1
7434	1	释放进攻技能开始时，目标血量低于X%	12	88	1	11	0	81	1	0	0	0	0		1
7435	1	释放减益技能结束时，目标为敌方	11	88	1	81	1	101	1	0	0	0	0		1
7436	1	释放单体进攻技能开始时	12	88	1	81	1	101	1	0	0	0	0		1
7437	1	释放群体进攻技能开始时	12	88	1	81	1	101	0	0	0	0	0		1
7438	1	技能命中时，目标身上没有BUFFID	10	88	1	87	0	81	1	0	0	0	0		1
7439	1	技能结束时，技能ID不等于	11	76	0	0	0	0	0	0	0	0	0		1
7440	1	进攻自身的人技能结束时	55	88	1	80	1	0	0	0	0	0	0		1
7441	1	友方技能释放结束时，自身sp满,且某IDBUFF<=	59	85	1	40	0	80	1	0	0	0	0		1
7442	1	获得某个buff时，如果这个buff的id=参数1，且自身生命值<=参数2则触发	51	42	1	12	0	0	0	0	0	0	0		1
8001	1	大回合开始时，自己身上某个BUFF（id=条件参数1_1）的叠加层数>条件参数1_2	32	40	1	0	0	0	0	0	0	0	0		1
8004	1	攻击时有X概率	10	1	1	81	1	0	0	0	0	0	0		1
8005	1	攻击时若此攻击牌的类型=X	11	88	1	0	0	0	0	0	0	0	0		1
8007	1	释放sp技能时有概率	11	86	1	1	1	0	0	0	0	0	0		1
8009	1	如果被暴击，有概率触发	20	72	1	1	1	81	1	0	0	0	0		1
8010	1	技能开始释放时，自身的生命值小于NUM	12	12	0	0	0	0	0	0	0	0	0		1
8012	1	技能开始释放时有概率	12	1	1	81	1	0	0	0	0	0	0		1
8013	1	敌方的技能结束后	59	81	1	0	0	0	0	0	0	0	0		1
8014	1	我方的技能结束后	59	80	1	0	0	0	0	0	0	0	0		1
8015	1	携带者使用非必杀技时触发	12	86	0	0	0	0	0	0	0	0	0		1
8016	1	携带者使用X星技能时有概率触发	12	93	0	1	1	86	0	0	0	0	0		1
8017	1	暴击时有概率触发	10	72	1	1	1	0	0	0	0	0	0		1
8018	1	携带者获得某个（大类；二类；三类）buff时有概率	51	83	1	1	1	0	0	0	0	0	0		1
8019	1	技能开始释放时目标为被克制属性	12	91	1	0	0	0	0	0	0	0	0		1
8020	1	敌方释放大招后	59	81	1	86	1	0	0	0	0	0	0		1
8021	1	其他人造成hit时（客体施法者），客体如果有参数1_1的buff层数>参数1_2，并且产生暴击，则有参数3的概率触发	58	87	1	72	1	1	1	0	0	0	0		1
9021	1	当受到攻击时概率返还敌人目标自身攻击伤害	20	1	1	81	1	0	0	0	0	0	0		1
9024	1	50%生命一下时受到伤害时35%概率回复最大生命5%	20	12	0	1	1	0	0	0	0	0	0		1
9033	1	抽卡本被动技能攻击敌方时，触发效果-【给目标添加破甲效果效果】	10	12	0	0	0	0	0	0	0	0	0		1
9035	1	抽卡本被动技能攻击敌方时，触发效果-【给目标添加debuff效果】	10	0	1	0	0	0	0	0	0	0	0		1
9038	1	抽卡本被动技能回合开始时，触发效果-【100%攻击的生命盾】	32	12	0	0	0	0	0	0	0	0	0		1
9050	1	v3版主线-BOSS-获得效果时，某buffID大于条件触发	51	40	1	0	0	0	0	0	0	0	0		1
9051	1	v3版主线-BOSS-受到攻击时如果是暴击则触发	20	72	1	0	0	0	0	0	0	0	0		1
9052	1	v3版主线-BOSS-释放时，如果释放攻击技能则触发	10	88	1	81	1	0	0	0	0	0	0		1
9053	1	v3版主线-回合结束时判断buff层数	33	40	0	75	1	0	0	0	0	0	0		1
9054	1	v3版主线-攻击时判定目标身上是否有某个BUFFID	10	87	1	0	0	0	0	0	0	0	0		1
9055	1	v3版主线-回合结束时，概率触发	33	1	1	0	0	0	0	0	0	0	0		1
9060	1	v3版主线-某个BUFF消失时，判断BUFF是否自然消失	33	40	1	75	1	0	0	0	0	0	0		1
9061	1	v3版抽卡-判断目标身上BUFF类型	10	32	1	0	0	0	0	0	0	0	0		1
9062	1	v3版抽卡-判断自身释放技能是否是SP大招	10	86	1	0	0	0	0	0	0	0	0		1
9064	1	v3版抽卡-判断回合结束时自身生命值低于10%时触发	31	12	0	0	0	0	0	0	0	0	0		1
9065	1	v3版主线-某个BUFF消失时，判断是否是BUFF自身	52	44	1	41	1	0	0	0	0	0	0		1
9067	1	v3版主线-当敌方目标死亡时	41	81	1	0	0	0	0	0	0	0	0		1
9068	1	v4版试炼-受到治疗时	20	88	1	0	0	0	0	0	0	0	0		1
9069	1	v4.5版世界BOSS-己方回合结束时，如果自身生命值低于25%则有10%概率触发	31	12	0	1	1	0	0	0	0	0	0		1
9070	1	v3版弓女-判斷釋放570400701時，判斷目標BUFF給自身添加BUFF	12	76	1	87	1	0	0	0	0	0	0		1
9072	1	竹林PT-友方死亡后	41	80	1	0	0	0	0	0	0	0	0		1
9073	1	50%生命以下后，受到攻击时有50%概率触发	20	1	1	12	0	0	0	0	0	0	0		1
9074	1	造成hit时，如果技能的id=条件参数1，则触发	10	76	1	0	0	0	0	0	0	0	0		1
9075	1	回合结束时，判断某个BUFF	33	87	1	0	0	0	0	0	0	0	0		1
9076	1	其他人释放技能开始时【施法者为客体】，如果客体阵营为敌方，并且客体身上的110100502层数>0则触发	60	81	1	87	1	0	0	0	0	0	0		1
9077	1	回合结束时，判断某个BUFF	33	40	0	0	0	0	0	0	0	0	0		1
9078	1	回合结束时，判断某个BUFF	33	40	1	0	0	0	0	0	0	0	0		1
9079	1	攻击前判断是否是单体技能	12	90	0	0	0	0	0	0	0	0	0		1
9080	1	攻击后判断是否是单体技能	11	90	0	0	0	0	0	0	0	0	0		1
9081	1	敌方阵容中，释放治疗技能时，会触发	59	88	1	81	1	0	0	0	0	0	0		1
9082	1	造成伤害时，如果目标身上有增益效果，则有50%概率晕眩目标一回合。	10	32	1	1	1	0	0	0	0	0	0		1
9083	1	他人释放技能结束	55	0	0	0	0	0	0	0	0	0	0		1
9084	1	失去BUFF时，判断自身失去的BUFFID=参数1的BUFF层数是否>X层	50	40	1	0	0	0	0	0	0	0	0		1
9085	1	失去BUFF时，判断自身失去的BUFFID=参数1的BUFF层数是否>X层（参数1） <Y层（参数2）	50	40	1	40	0	0	0	0	0	0	0		1
9086	1	携带者攻击造成目标死亡时	10	60	1	0	0	0	0	0	0	0	0		1
9087	1	失去某个buff时，如果这个buff的id=条件1则触发，判断非自然BUFF消失	50	42	1	41	0	0	0	0	0	0	0		1
9088	1	角色自身死亡时（全体无须填写0）	40	41	0	0	0	0	0	0	0	0	0		1
9089	1	敌方技能释放时，判断技能类型	60	88	1	81	1	103	1	0	0	0	0		1
9090	1	敌方技能释放时，判断是否SP技能	60	86	1	0	0	0	0	0	0	0	0		1
9091	1	释放攻击技能时，判断自身BUFFid,层数	12	40	1	0	0	0	0	0	0	0	0		1
9092	1	世界BOSS增益-获得BUFF时判断是否是护盾	51	36	1	0	0	0	0	0	0	0	0		1
9093	1	世界BOSS增益-失去BUFF时判断自身是否存在护盾	50	36	0	0	0	0	0	0	0	0	0		1
9094	1	世界BOSS增益-技能命中并且暴击时有概率触发	10	1	1	72	1	0	0	0	0	0	0	1	1
9095	1	世界BOSS增益-受到攻击时有概率	20	1	1	0	0	0	0	0	0	0	0		1
9096	1	世界BOSS增益-受到攻击时格挡有概率	20	71	1	0	0	0	0	0	0	0	0		1
10001	1	弱点机制开始触发器	30	12	0	0	0	0	0	0	0	0	0		1
10002	1	解体机制开始触发器	50	83	1	84	1	0	0	0	0	0	0		1
10003	1	休眠机制开始触发器	50	83	1	84	1	0	0	0	0	0	0		1
10004	1	再一次弱点机制开始触发器	50	83	1	84	1	0	0	0	0	0	0		1
10005	1	弱点机制开始触发器-回合数	32	75	1	0	0	0	0	0	0	0	0		1
10006	1	单回合内血量判断弱点结束	51	83	1	0	0	0	0	0	0	0	0		1
9097	1	大回合开始时	32	75	1	0	0	0	0	0	0	0	0		1
10007	1	携带者的技能结束时，如果此技能的tag=1，则触发	11	105	1	0	0	0	0	0	0	0	0		1
9098	1	世界BOSS增益-失去BUFF时判断自身是否存在护盾	50	44	1	41	1	0	0	0	0	0	0		1
9099	1	轮次结束时，有参数1（大类/二类/三类）的buff，没有参数2（大类/二类/三类）的buff	31	36	1	36	0	0	0	0	0	0	0		1
9110	1	其他人的技能结束后，如果携带者身上参数1的buff>参数2层，受攻击者（客体）为敌方，技能id=条件参数2，则触发	55	40	1	76	1	81	1	0	0	0	0		1
9111	1	其他人的技能结束后，如果携带者身上参数1的buff<参数2层，受攻击者（客体）为敌方，技能id=条件参数2，则触发	55	40	0	76	1	81	1	0	0	0	0		1
9112	1	其他人的技能结束后，如果携带者的sp>条件参数1则触发	59	85	1	0	0	0	0	0	0	0	0		1
9113	1	携带者的技能结束后，如果携带者的sp>条件参数1则触发	11	85	1	0	0	0	0	0	0	0	0		1
9114	1	携带者的技能结束后，如果携带者身上参数1的buff>参数2层，并有技能id=条件参数2，则强制结束	55	40	1	76	1	0	0	0	0	0	0		1
9115	1	携带者的技能结束后，如果携带者身上参数1的buff>参数2层，并有技能id=条件参数2，则强制结束	11	40	1	76	1	0	0	0	0	0	0		1
3001	1	通用追击触发器，其他人对敌方单体释放技能结束后，如果为进攻卡，且目标未死亡，则触发	55	88	1	81	1	60	0	101	1	0	0		1
9116	1	被hit后，如果技能类型为条件参数1，并且技能id<>条件参数2，技能id<>条件参数3，则触发	20	88	1	76	0	76	0	0	0	0	0		1
9117	1	友方释放技能时，技能的skilltagl=参数1	59	105	1	80	1	0	0	0	0	0	0		1
9118	1	友方释放技能完全结束时，携带者身上ID=参数1的buff层数>参数2	55	87	1	80	1	0	0	0	0	0	0		1
9119	1	攻击时判定是否有某个类型的buff	11	35	1	0	0	0	0	0	0	0	0		1
9120	1	其他人的技能结束时，如果技能id=条件参数1，则强制结束	55	76	1	0	0	0	0	0	0	0	0		1
9121	1	技能结束时，如果技能tag带有条件参数1，则触发	11	150	1	0	1	0	0	0	0	0	0		1
9122	1	友方释放技能时，技能的skilltag=参数1；概率=参数2	56	105	1	1	1	80	1	0	0	0	0		1
9123	1	攻击目标时-存在debuff效果则触发	10	33	1	81	1	0	0	0	0	0	0		1
9124	1	攻击自身的人技能开始释放时,如果攻击者身上某个id的BUFF<=条件参数1_1层，则触发	60	81	1	87	0	0	0	0	0	0	0		1
9125	1	释放技label=参数1的技能时触发	12	88	1	0	0	0	0	0	0	0	0		1
9126	1	释放技能后，目标身上大类/2类/3类的BUFF数>0则触发	51	83	1	0	0	0	0	0	0	0	0		1
9201	1	其他技能结束后，如果施法者是敌方，技能类型为条件参数1，并且目标未死亡，则触发	59	88	1	81	1	60	0	0	0	0	0		1
9202	1	大回合开始时，如果回合数=条件参数1，则触发	32	106	1	0	0	0	0	0	0	0	0		1
9203	1	大回合开始时	32	74	1	0	0	0	0	0	0	0	0		1
9204	1	某种类型的buff是否自然消失	50	83	1	41	1	0	0	0	0	0	0		1
9205	1	被hit后，如果技能类型不为条件参数1也不为条件参数2，则触发	20	88	0	88	0	0	0	0	0	0	0		1
9206	1	轮次结束时，如果携带者身上存在【大类=参数1_1，二类=参数1_2，三类=参数1_3，增减益=参数1_4】的Buff数量>参数1_5则触发	31	36	1	1	1	0	0	0	0	0	0		1
9207	1	释放技能结束时，目标的血量<NUM1	11	11	0	81	1	0	0	0	0	0	0		1
9208	1	HIT结束时，如果技能id=条件参数1_1，并且目标死亡则触发	10	76	1	60	1	0	0	0	0	0	0		1
9209	1	主效果目标数>参数1时触发	12	90	1	81	1	0	0	0	0	0	0		1
9210	1	有角色死亡时，死者阵营=敌方，并且携带者身上buffID=条件参数2_1的buff层数<=条件参数2_2	41	81	1	40	0	0	0	0	0	0	0		1
9211	1	有角色死亡时，如果我方人数<=1，则触发	41	74	0	0	0	0	0	0	0	0	0		1
9212	1	自己的技能释放结束后，有条件参数1的概率发动，条件参数2约束技能label	11	1	1	88	1	0	0	0	0	0	0		1
9213	1	大回合结束时，如果携带者身上的sp点>条件参数1_1则触发	33	85	1	0	0	0	0	0	0	0	0		1
9214	1	携带者的技能结束后，如果技能的星级=条件参数1_1(与运算)，并且不为sp技则触发	11	93	1	86	0	0	0	0	0	0	0		1
9215	1	其他人（以敌方为客体时）的技能结束后，如果技能的星级=条件参数1_1(与运算)，并且技能LABEL为条件参数2_1，不为sp技则触发	55	93	1	88	1	86	0	81	1	0	0		1
9216	1	其他人技能释放时，目标带有的BUFFID=参数1_1>参数1_2；技能类型 = 参数2	56	87	1	88	1	81	1	0	0	0	0		1
9217	1	其他人释放技能结束后，如果星级满足条件参数1_1，并且施法者是友方，则触发	59	93	1	80	1	0	0	0	0	0	0		1
9218	1	其他人释放技能结束后，如果星级满足条件参数1_1，概率满足条件参数2_1，并且施法者是友方，则触发	59	93	1	1	1	80	1	0	0	0	0		1
9219	1	自己释放技能结束后，如果星级满足条件参数1_1，概率满足条件参数2_1，则触发	11	93	1	1	1	0	0	0	0	0	0		1
9220	1	技能释放时，目标带有的BUFFID=参数1_1>参数1_2；技能类型 = 参数2	12	87	1	88	1	81	1	0	0	0	0		1
9221	1	其他人（被HIT者为客体）打出技能卡后，若星级符合条件参数1_1，（2）不为sp卡，（3）进攻卡，（4）客体为敌方	55	86	0	88	1	81	1	93	1	0	0		1
9222	1	其他人释放技能结束后，如果tag=条件参数1，则触发	59	105	1	0	0	0	0	0	0	0	0		1
9223	1	技能开始释放时，如果tag=条件参数1，则触发	12	105	1	0	0	0	0	0	0	0	0		1
9224	1	行动开始时，生命值<NUM1	34	12	0	0	0	0	0	0	0	0	0		1
9225	1	角色出牌操作完成后，优先于其他目标出牌前触发	11	75	0	0	0	0	0	0	0	0	0		1
9226	1	其他角色释放技能时，如果客体（被攻击者）是敌方，并且技能id=条件参数1，技能星级=条件参数3，则触发	55	76	1	81	1	93	1	0	0	0	0		1
9227	1	技能结束时，判断己方势力	60	74	0	0	0	0	0	0	0	0	0		1
9228	1	技能开始释放时有概率（包括对友方）	12	1	1	0	0	0	0	0	0	0	0		1
9229	1	友方被攻击击破护盾时，有概率	61	42	1	1	1	80	1	0	0	0	0		1
9230	1	友方释放技能时，技能的skilltagl=参数1，有概率触发	59	105	1	1	1	80	1	0	0	0	0		1
9231	1	敌方释放sp技能开始时	60	86	1	81	1	40	1	0	0	0	0		1
9232	1	释放技能开始时，判断该技能ID	60	76	1	0	0	0	0	0	0	0	0		1
9233	1	释放AOE技能时	12	101	0	0	0	0	0	0	0	0	0		1
9234	1	攻击时有X概率-伪随机触发器	10	108	1	81	1	0	0	0	0	0	0		1
9235	1	技能开始释放时有概率-伪随机触发器	12	108	1	0	0	0	0	0	0	0	0		1
9236	1	受到治疗效果时	67	0	0	0	0	0	0	0	0	0	0		1
9237	1	受击触发时，buff>多少层且 	20	40	1	81	1	0	0	0	0	0	0		1
9238	1	多少回时行动开始前	34	106	1	0	0	0	0	0	0	0	0		1
9239	1	大回合结束时	33	75	1	0	0	0	0	0	0	0	0		1
9240	1	造成伤害时，目标带有的BUFFID=参数1_1>参数1_2；技能类型 = 参数2	10	87	1	88	1	81	1	0	0	0	0		1
9241	1	有人受到伤害时，目标带有的BUFFID=参数1_1>参数1_2；技能类型 = 参数2	54	87	1	88	1	81	1	101	1	0	0		1
9242	1	技能卡触发失败时	69	110	1	77	0	0	0	0	0	0	0		1
9243	1	敌方角色释放SP技能时后	59	86	1	81	1	0	0	0	0	0	0		1
9244	1	自身释放SP技能时后	11	86	1	0	0	0	0	0	0	0	0		1
9245	1	获得buff时，buffid=，buff星级和自身星级一致	51	42	1	112	1	0	0	0	0	0	0		1
9246	1	护盾被打爆时，buffid=，buff星级和自身星级一致	53	42	1	111	1	0	0	0	0	0	0		1
9247	1	某指定固定ID的BUFF自然消失时，1.判断BUFFID 2.判断是否自然消失。（将消未消时）	52	42	1	41	1	0	0	0	0	0	0		1
9248	1	携带者受到伤害时，且自身身上有嘲讽，有概率对友方全体施加护盾	20	36	1	1	1	81	1	0	0	0	0		1
9249	1	携带者使用必杀技时触发-判断目标自身SP点数	11	85	0	86	1	0	0	0	0	0	0		1
9250	1	携带者受到伤害时，有概率对友方全体施加护盾	20	1	1	81	1	0	0	0	0	0	0		1
9251	1	单体技能释放结束时	11	101	1	0	0	0	0	0	0	0	0		1
9252	1	群体技能释放结束时	11	101	0	0	0	0	0	0	0	0	0		1
9253	1	敌方释放技能结束时，身上的BUFFID>	59	87	1	81	1	0	0	0	0	0	0		1
9254	1	友方被HIT时，身上BUFFID>，概率	61	87	1	1	1	80	1	0	0	0	0		1
9255	1	友方死亡时	41	80	1	0	0	0	0	0	0	0	0		1
9256	1	受到治疗时生命值>NUM1	67	12	1	0	0	0	0	0	0	0	0		1
9257	1	友方死亡，且阵营=NUM2方场上没有characterId=NUM1时	41	116	0	0	0	0	0	0	0	0	0		1
9258	1	战斗开始，且阵营=NUM2方场上有characterId=NUM1时	65	116	1	0	0	0	0	0	0	0	0		1
9259	1	技能开始释放时，目标的sp点小于NUM1	12	34	0	0	0	0	0	0	0	0	0		1
9260	1	非sp技能完全结束	11	86	0	0	0	0	0	0	0	0	0		1
9261	1	sp充满时	70	85	1	0	0	0	0	0	0	0	0		1
9262	1	战斗开始时，我方上阵角色全为race=NUM1	65	120	1	0	0	0	0	0	0	0	0		1
9263	1	大回合结束时，当回合数=NUM时	33	106	1	0	0	0	0	0	0	0	0		1
9264	1	技能开始时，如果携带者身上存在【大类=参数1_1，二类=参数1_2，三类=参数1_3，增减益=参数1_4】的Buff数量>参数1_5则触发	12	36	0	0	0	0	0	0	0	0	0		1
9265	1	开始行动前	65	0	0	0	0	0	0	0	0	0	0		1
9266	2	我方存活人数>NUM1	1	74	1	0	0	0	0	0	0	0	0	0	1
9267	1	回合结束时，如果回合数为奇/偶触发	33	89	1	0	0	0	0	0	0	0	0		1
9268	1	释放攻击技能开始时，是AOE	12	88	1	81	1	101	0	0	0	0	0		1
9269	1	释放攻击技能开始时，不是AOE	12	88	1	81	1	101	1	0	0	0	0		1
9270	1	回合开始时，若敌方存活人数<=参数1，则触发	32	73	0	0	0	0	0	0	0	0	0		1
9271	1	获得某个buff时，如果这个buff的id=参数1，自身增益数量>参数2	51	42	1	20	1	0	0	0	0	0	0		1
9272	1	获得BUFF后，如果这个BUFF的ID=条件参数1_1，并且自己身上某个id=条件参数2_1的BUFF的层数<=条件参数2_2则触发	51	42	1	40	0	0	0	0	0	0	0		1
9273	1	获得BUFF后，如果这个BUFF的ID=条件参数1_1，并且自己身上不存在大类为参数2_1的护盾效果，则触发	51	42	1	36	0	0	0	0	0	0	0		1
9274	1	释放技能开始时，如果此技能=sp技，并且目标的sp>条件参数2，则触发	12	86	1	34	1	0	0	0	0	0	0		1
9275	1	技能结束时，如果此技能id=参数1，并且目标的sp<=条件参数2，则触发	11	76	1	34	0	0	0	0	0	0	0		1
9276	1	释放攻击技能开始时，若目标身上存在护盾，则触发	12	88	1	35	1	0	0	0	0	0	0		1
9277	1	释放进攻技能开始时，目标血量高于X%	12	88	1	11	1	81	1	0	0	0	0		1
9278	1	大回合开始时，如果回合数不等于条件参数1，则触发	32	106	0	0	0	0	0	0	0	0	0		1
9279	1	大回合开始时，如果回合数不等于条件参数1，条件参数2则触发	32	106	0	106	0	0	0	0	0	0	0		1
9280	1	携带者的护盾被打爆	53	0	0	0	0	0	0	0	0	0	0		1
9281	1	NUM1（1.增益，2.减益）效果消失时触发	50	43	1	0	0	0	0	0	0	0	0		1
9282	1	大回合开始时，如果回合数不等于条件参数1，条件参数2，条件参数3，条件参数4，则触发	32	106	0	106	0	106	0	106	0	106	0		1
9283	1	技能释放结束后，敌方死亡	11	60	1	0	0	0	0	0	0	0	0		1
9284	1	其他人的AOE技能准备攻击时	60	101	0	81	1	103	1	0	0	0	0		1
9285	1	其他人的AOE技能攻击结束时	59	101	0	81	1	103	1	0	0	0	0		1
9286	1	友方被攻击时	61	80	1	0	0	0	0	0	0	0	0		1
9287	1	第NUM2轮次结束时，如果身上某个BUFF层数<num1	33	40	0	89	1	0	0	0	0	0	0		1
9288	1	受到单体技能攻击时	20	81	1	101	1	0	0	0	0	0	0		1
9289	1	受到非暴击技能攻击时	20	81	1	72	0	0	0	0	0	0	0		1
9290	1	敌方技能结束时我方死亡	55	74	0	80	1	60	1	0	0	0	0		1
9291	1	获得BUFF后，如果这个BUFF的ID=条件参数1_1，并且自己身上某个id=条件参数2_1的BUFF的层数>条件参数2_2，且某个id=条件参数3_1的BUFF的层数<=条件参数3_2则触发	51	42	1	40	1	40	0	0	0	0	0		1
9292	1	携带者使用X星技能时有概率触发	12	93	1	86	0	0	0	0	0	0	0		1
9293	1	获得某个buff时，如果这个buff的id=条件1，携带者的阵营是条件2，则触发	51	42	1	124	1	0	0	0	0	0	0		1
9294	1	战斗开始时，我方上阵角色全为color=NUM1	65	122	1	0	0	0	0	0	0	0	0		1
9295	1	受击者者获得指定BUFF达到>num层，给指定目标施加BUFF	10	87	1	0	0	0	0	0	0	0	0		1
9296	1	大回合开始时，如果回合数=条件参数1，则触发	32	106	1	0	0	0	0	0	0	0	0		1
9297	1	BUFF自身将消而消失(非自然消失)	52	41	0	44	1	0	0	0	0	0	0		1
9298	1	携带者使用非奥义技能时，目标身上的减益效果，多于num2层，则触发	12	86	0	33	1	0	0	0	0	0	0		1
9299	1	获得BUFF自身时	51	44	1	0	0	0	0	0	0	0	0		1
9300	1	我方存活人数≤NUM1	1	74	0	0	0	0	0	0	0	0	0		1
9301	1	回合开始时，携带者身上大类=Num1，二类=Num2，三类=Num3，增减益=Num4（填0表示增减益都算入）的buff数量>Num5（叠层的BUFF算作1个数量单位），则触发	32	36	1	0	0	0	0	0	0	0	0		1
9302	1	携带者的技能开始释放时	12	0	0	0	0	0	0	0	0	0	0		1
9303	1	敌人释放技能开始时，如果时AOE技能则触发	20	101	0	81	1	0	0	0	0	0	0		1
9304	1	立即生效	1	0	0	0	0	0	0	0	0	0	0		1
9305	1	自身获得BUFF=参数1时，并且自己身上某个id=条件参数2_1的BUFF的层数>条件参数2_2，概率触发	51	42	1	40	1	1	1	0	0	0	0		1
9306	1	行动开始时，角色身上某个BUFF（id=条件参数1_1）的叠加层数>条件参数1_2（组合条件）	50	40	0	40	0	40	0	40	0	40	0		1
9307	1	行动开始时，角色身上某个BUFF（id=条件参数1_1）的叠加层数>条件参数1_2（组合条件）	51	40	1	0	0	0	0	0	0	0	0		1
9308	1	行动开始时，角色身上某个BUFF（id=条件参数1_1）的叠加层数>条件参数1_2（组合条件）	51	40	1	0	0	0	0	0	0	0	0		1
9309	1	行动开始时，角色身上某个BUFF（id=条件参数1_1）的叠加层数>条件参数1_2（组合条件）	51	40	1	0	0	0	0	0	0	0	0		1
9310	1	行动开始时，角色身上某个BUFF（id=条件参数1_1）的叠加层数>条件参数1_2（组合条件）	51	40	1	0	0	0	0	0	0	0	0		1
9311	1	行动开始时，角色身上某个BUFF（id=条件参数1_1）的叠加层数>条件参数1_2（组合条件）	51	40	1	0	0	0	0	0	0	0	0		1
9312	1	角色自身死亡时（全体无须填写0），且自身携带的BUFFID = 参数1  ≤ 参数2层	40	40	0	0	0	0	0	0	0	0	0		1
9313	1	角色大招造成伤害时，如果目标死亡	10	86	1	60	1	0	0	0	0	0	0		1
9314	1	释放非sp技能，非指定id=参数2的技能前	12	86	0	76	0	0	0	0	0	0	0		1
9315	1	携带者身上携带的触发器自身消失时	50	44	1	0	0	0	0	0	0	0	0		1
9316	1	携带者使用非奥义技能时，若sp>参数2，自己身上id=参数3_1的buff层数<=参数3_2，则触发	12	86	0	85	1	40	0	0	0	0	0		1
9317	1	携带者被消耗血量导致自身血量降低时	72	0	0	0	0	0	0	0	0	0	0		1
9318	1	携带者使用2星技能牌开始时	12	93	1	0	0	0	0	0	0	0	0		1
9319	1	携带者使用3星技能牌开始时	12	93	1	0	0	0	0	0	0	0	0		1
9401	1	被攻击时，概率触发	20	1	1	81	1	0	0	0	0	0	0		1
9402	1	携带者被攻击时，概率触发=参数1,造成的伤害类型=参数2时触发	20	1	1	125	1	0	0	0	0	0	0		1
9403	1	携带者攻击时，概率触发=参数1，造成的伤害类型=参数2时触发，参数3=判断技能表的主效果or子效果	10	1	1	125	1	133	1	0	0	0	0		1
9404	1	携带者技能开始释放时，若携带者的剩余生命值百分比>目标的剩余生命值百分比	12	126	0	0	0	0	0	0	0	0	0		1
9405	1	携带者技能开始释放时，若携带者的剩余生命值百分比≤目标的剩余生命值百分比	12	126	1	0	0	0	0	0	0	0	0		1
9406	1	释放技能开始时，如果自身的生命值大于参数1%	30	12	1	0	0	0	0	0	0	0	0		1
9407	1	释放技能开始时，如果自身的生命值小于等于参数1%	30	12	0	0	0	0	0	0	0	0	0		1
9408	1	大回合结束时，身上ID的BUFF（参数1）大于（参数2）层	33	40	1	0	0	0	0	0	0	0	0		1
9409	1	攻击时，概率触发	10	81	1	1	1	0	0	0	0	0	0		1
9410	1	自身的血量>条件参数1_1*100%	65	12	1	0	0	0	0	0	0	0	0		1
9411	1	获得BUFF时，判断目标身上大类=Num1，二类=Num2，三类=Num3，增减益=Num4（填0表示增减益都算入）的buff数量>Num5（叠层的BUFF算作1个数量单位），则触发	51	35	1	0	0	0	0	0	0	0	0		1
9320	1	携带者被暴击时	20	72	1	0	0	0	0	0	0	0	0		1
9321	1	释放技能开始时，如果此技能为sp且自己身上的id=条件参数2_1的buff的叠加层数>条件参数2_2，id=条件参数2_1的buff的叠加层数<=条件参数2_2则触发	12	86	1	40	1	40	0	0	0	0	0		1
2044	2	自己身上的id=条件参数2_1的buff的叠加层数>条件参数2_2，id=条件参数2_1的buff的叠加层数<=条件参数2_2则触发	1	40	1	0	0	0	0	0	0	0	0		1
9322	1	sp未充满时	70	85	0	0	0	0	0	0	0	0	0		1
9323	1	获得某个buff时，如果这个buff的id=参数1，自身buffid=参数1的层数＞参数2层触发	51	42	1	40	1	0	0	0	0	0	0		1
9324	1	受到群体技能攻击时	20	81	1	101	0	0	0	0	0	0	0		1
9325	2	攻击时，单段攻击伤害/目标最大生命 > 参数1时触发	1	99	1	101	1	0	0	0	0	0	0		1
9326	1	大回合结束时，如果携带者身上存在【大类=参数1_1，二类=参数1_2，三类=参数1_3，增减益=参数1_4】的Buff数量>参数1_5则触发	33	36	1	0	0	0	0	0	0	0	0		1
9327	1	失去buff时，buff大类为Num1_1，二类为Num1_2，三类为Num1_3，并且增减益类型为Num2_1，并且为非正常失去，触发	50	43	1	41	0	0	0	0	0	0	0		1
9328	1	获得BUFF自身时，概率触发	51	44	1	1	1	0	0	0	0	0	0		1
9329	1	大回合结束时，自身buffid=num1的叠加层数>num2,且自身buffid=num1的叠加层数<=num2	33	40	1	40	0	0	0	0	0	0	0		1
9330	1	获得buff时，如果携带者身上特定类型BUFF层数>指定层数	51	36	1	0	0	0	0	0	0	0	0		1
9331	1	回合开始时，携带者对方阵营累计获得指定BUFF层数大于X层时	32	129	1	0	0	0	0	0	0	0	0		1
9332	1	回合开始时，携带者对方阵营累计获得指定BUFF层数小于等于X层时	32	129	0	0	0	0	0	0	0	0	0		1
9333	1	造成伤害时，是单体技能，是攻击技能牌，目标身上buffid=参数1_1的buff>参数1_2层，buffid=参数2_1的buff层数不>参数2_2层，则触发	10	87	1	88	1	40	1	40	0	0	0		1
9334	1	获得buffid=参数1，自身buffid=参数2_1的层数小于等于参数2_2，则触发	51	42	1	40	0	0	0	0	0	0	0		1
9335	1	释放单体，攻击技能牌，客体为敌方，目标携带指定buff时，触发	12	101	1	88	1	81	1	87	1	0	0		1
9336	1	释放单体，攻击技能牌，客体为敌方，触发	12	101	1	88	1	81	1	0	0	0	0		1
9337	1	释放单体，攻击技能牌，客体为敌方，自己指定buff层数不大于参数3_1时，，自己指定buff层数不大于参数4时，触发	12	101	1	88	1	81	1	40	0	40	0		1
9338	1	当携带者SP发生变动的引发类型是num1时,且SP变化是减少时	70	131	1	132	0	0	0	0	0	0	0		1
9339	1	攻击自身的人技能释放结束时	55	82	1	88	1	101	1	0	0	0	0		1
9340	1	携带者被单体攻击技能释放开始时	56	82	1	88	1	101	1	0	0	0	0		1
9341	1	敌方存活人数≤NUM1	1	73	0	0	0	0	0	0	0	0	0		1
9342	1	如果被暴击，技能为攻击牌，客体为敌人，能触发	20	72	1	88	1	81	1	0	0	0	0		1
9343	1	攻击自身的人技能释放结束时，若技能类型为攻击技能，自己生命值不大于参数3，则触发	59	81	1	88	1	12	0	0	0	0	0		1
9344	1	携带者开始释放技能时，自身num1属性大于num2	12	10	1	0	0	0	0	0	0	0	0		1
9345	1	携带者开始释放技能时，自身num1属性小于等于num2	12	10	0	0	0	0	0	0	0	0	0		1
9346	1	攻击自身的人技能释放结束，且技能为攻击技能牌时	59	81	1	88	1	40	0	103	1	0	0		1
9347	1	受到敌人单体进攻技能攻击时	59	81	1	88	1	101	1	103	1	0	0		1
9348	1	其他人释放技能结束时，如果技能类型为单体且进攻技能，客体目标为自己则触发	55	88	1	101	1	82	1	0	0	0	0		1
9349	1	释放技能后，如果技能的id不为条件参数1，不为条件参数2则触发	11	76	0	76	0	0	0	0	0	0	0		1
9350	1	释放进攻技能时，目标的生命小于NUM1	12	88	1	11	0	0	0	0	0	0	0		1
9351	1	受到单体hit时	20	81	1	101	1	88	1	0	0	0	0		1
9352	1	免疫技能效果，客体为敌方时	63	81	1	0	0	0	0	0	0	0	0		1
9353	1	失去buff时，buffid=参数1，buffid层数大于参数2，不大于参数3	50	42	1	0	0	0	0	0	0	0	0		1
9354	1	攻击自身的人技能释放结束，且技能为攻击技能牌时，且技能id不是参数3	59	81	1	88	1	76	0	103	1	0	0		1
9355	1	释放进攻技能开始时，如果自身生命值高于目标，则触发	12	88	1	126	1	0	0	0	0	0	0		1
9356	1	敌方角色死亡时触发	41	81	1	0	0	0	0	0	0	0	0		1
9357	1	自身受到敌人进攻技能攻击时	59	81	1	88	1	103	1	0	0	0	0		1
9358	1	受到治疗时生命值>NUM1，且id为参数2_1的buff层数不大于参数2_2	67	12	1	40	0	0	0	0	0	0	0		1
9412	1	攻击时，判断目标身上大类=Num1，二类=Num2，三类=Num3，增减益=Num4（填0表示增减益都算入）的buff数量>Num5（叠层的BUFF算作1个数量单位），则触发	10	35	1	133	1	0	0	0	0	0	0		1
9359	1	自身受到敌人进攻技能攻击开始时	60	81	1	88	1	103	1	0	0	0	0		1
9413	1	回合开始时，如果回合数为奇/偶触发	32	89	1	0	0	0	0	0	0	0	0		1
9414	1	携带者技能开始释放时，概率触发=参数1，造成的伤害类型=参数2时触发，参数3=判断技能表的主效果or子效果	12	1	1	125	1	0	0	0	0	0	0		1
9415	1	大回合结束前（早于回合数结算，dot/hot结算	73	0	0	0	0	0	0	0	0	0	0		1
9416	1	携带者释放（与运算条件参数1_1）星级的技能后，则触发	12	93	1	86	0	0	0	0	0	0	0		1
9417	1	其他人释放技能时，若星级为num1，客体为友方，客体不是自己，技能主动释放，不是奥义技能则触发	60	93	1	80	1	82	0	77	1	86	0		1
9418	1	敌方的非大招类型为NUM1的技能牌星级为NUM2开始释放时	60	88	1	93	1	81	1	86	0	0	0		1
9419	1	敌方的大招类型为NUM1的技能牌开始释放时	60	88	1	81	1	86	1	0	0	0	0		1
9420	1	回合结束时，自身buff1；buff2；buff3；buff4的层数小于等于NUM2；NUM2；NUM2；NUM2时	33	40	0	40	0	40	0	40	0	0	0		1
9421	1	回合结束时，如果回合数不等于条件参数1，条件参数2，条件参数3，条件参数4，则触发	33	106	0	106	0	106	0	106	0	106	0		1
9422	1	其他友方释放技能结束后，如果星级为条件参数1，阵营为敌方	59	93	1	81	1	86	0	0	0	0	0		1
9423	1	造成单体伤害前目标为BOSS	12	104	1	88	1	81	1	101	1	0	0		1
9424	1	造成群体伤害前	12	88	1	101	0	81	1	0	0	0	0		1
9425	1	携带者单体技能结束后，造成的伤害类型=参数1时触发	10	125	1	101	1	0	0	0	0	0	0		1
9426	1	携带者AOE技能结束后，造成的伤害类型=参数1时触发	10	125	1	101	0	0	0	0	0	0	0		1
9427	1	攻击自身的人技能释放结束时	55	82	1	0	0	0	0	0	0	0	0		1
9428	1	携带者技能结束后，造成的伤害类型=参数1时触发	12	125	1	0	0	0	0	0	0	0	0		1
9429	1	造成单体技能前	11	88	1	101	1	81	1	0	0	0	0		1
9430	1	造成单体大招前	12	88	1	101	1	81	1	86	1	0	0		1
9431	1	如果被敌方施加的BUFF为增益或减益，则触发（填1判定增益，填2判定减益）	51	43	1	81	1	0	0	0	0	0	0		1
9432	1	携带者受hit时，伤害类型=参数1，则有自身层数×num2概率触发	55	125	1	135	1	82	1	0	0	0	0		1
9433	1	携带者单体技能结束后，造成的伤害类型=参数1，目标身上的debuff数量大于参数2层时	10	125	1	130	1	101	1	0	0	0	0		1
9434	1	失去BUFF时，判断目标身上大类=Num1，二类=Num2，三类=Num3，增减益=Num4（填0表示增减益都算入）的buff数量>Num5（叠层的BUFF算作1个数量单位），则触发	50	35	1	0	0	0	0	0	0	0	0		1
9435	1	携带者受到hit时，造成的伤害类型=参数1时触发	20	125	1	81	1	0	0	0	0	0	0		1
9436	1	进攻大招技能开始释放时	12	88	1	86	1	0	0	0	0	0	0		1
9437	1	获得某类（大类;二类;三类）buff时	51	83	1	0	0	0	0	0	0	0	0		1
9438	1	对敌方技能开始释放时，如果目标身上的buffid=num1层数小于等于num2	12	87	0	81	1	0	0	0	0	0	0		1
9439	1	施加的dot触发时	74	82	0	0	0	0	0	0	0	0	0		1
9440	1	获得某类敌方施加的（大类;二类;三类）buff时	51	83	1	81	1	0	0	0	0	0	0		1
9441	1	技能结束时，若技能牌id=num1，技能星级=num2，则触发	11	110	1	93	1	0	0	0	0	0	0		1
9442	1	技能结束时，目标身上大类=Num1，二类=Num2，三类=Num3，增减益=Num4（填0表示增减益都算入）的buff数量>Num5	11	35	1	0	0	0	0	0	0	0	0		1
9443	1	失去BUFF时，携带者身上大类=Num1，二类=Num2，三类=Num3，增减益=Num4（填0表示增减益都算入）的buff数量小于等于Num5	50	36	0	0	0	0	0	0	0	0	0		1
9444	1	使用技能前，目标是敌方，目标身上大类=Num1，二类=Num2，三类=Num3，增减益=Num4（填0表示增减益都算入）的buff数量>Num5	12	35	1	81	1	0	0	0	0	0	0		1
9445	1	携带者技能开始释放时，概率触发=参数1，造成的伤害类型=参数2时触发，参数3=判断技能表的主效果or子效果	10	125	1	1	1	0	0	0	0	0	0		1
9446	1	获得buff时，自身id=num1的buff层数大于num2层	51	40	1	0	0	0	0	0	0	0	0		1
9447	1	施加的dot触发时,目标身上大类=Num1，二类=Num2，三类=Num3，增减益=Num4（填0表示增减益都算入）的buff数量>Num5	74	35	1	0	0	0	0	0	0	0	0		1
9448	1	对敌方num1类技能释放结束后	11	88	1	81	1	0	0	0	0	0	0		1
9449	1	攻击时每层buff有X概率	10	135	1	81	1	0	0	0	0	0	0		1
9450	1	其他人释放技能后，若客体为己方，不是奥义技能，技能为主动释放，技能星级为num4，身上id=num5_1的buff层数不>0，则触发	59	80	1	86	0	77	1	93	1	40	0		1
9451	1	大回合开始时，携带者身上大类=Num1，二类=Num2，三类=Num3，增减益=Num4（填0表示增减益都算入）的buff数量小于等于Num5	32	36	0	0	0	0	0	0	0	0	0		1
9452	1	回合结束时，如果回合数不等于条件参数1，条件参数2，条件参数3，条件参数4，条件参数5，则触发	33	106	0	106	0	106	0	106	0	106	0		1
9453	1	获得BUFF自身时,携带者身上大类=Num1，二类=Num2，三类=Num3，增减益=Num4（填0表示增减益都算入）的buff数量大于Num5	51	130	1	44	1	0	0	0	0	0	0		1
9454	1	对敌方单体技能开始释放时，如果目标身上的buffid=num1层数小于等于num2	12	87	0	81	1	101	1	0	0	0	0		1
9455	1	对敌方群体技能开始释放时，如果目标身上的buffid=num1层数小于等于num2	12	87	0	81	1	101	0	0	0	0	0		1
9456	1	获得效果时，自己身上某个BUFF（id=条件参数1_1）的叠加层数>条件参数1_2，某个BUFF（id=条件参数1_1）的叠加层数小于等于条件参数1_2	51	40	1	40	0	0	0	0	0	0	0		1
9457	1	释放技能结束后，若类型为num1，对方身上有参数2_1buff层数大于参数2_2	11	88	1	87	1	81	1	0	0	0	0		1
9458	1	角色自身死亡时（全体无须填写0），友方还有人存活	40	74	1	0	0	0	0	0	0	0	0		1
9459	1	释放技能时，自身携带增益效果数量大于X个	12	20	1	0	0	0	0	0	0	0	0		1
9460	1	释放技能时，自身携带增益效果数量小于等于X个	12	20	0	0	0	0	0	0	0	0	0		1
9461	1	释放技能时，自身携带减益效果数量小于等于X个	12	31	0	0	0	0	0	0	0	0	0		1
9462	1	释放进攻技能时，不是单体，且技能为X星	12	88	1	93	1	101	0	86	0	0	0		1
9463	1	战斗开始时，自身战斗员星级为num1，当前系统id为num2	65	136	1	134	1	0	0	0	0	0	0		1
9464	1	携带者受到攻击时，若某项属性小于进入战斗时初始值则触发（num1：属性ID）	60	81	1	88	1	103	1	139	0	0	0		1
9465	1	携带者获得效果时，若携带的任意Num6个 大类=Num1，二类=Num2，三类=Num3，增减益=Num4（填0表示增减益都算入）的buff层数≥Num5层数时触发 	51	138	1	0	0	0	0	0	0	0	0		1
9466	1	携带者获得效果时时，若携带的大类=Num1，二类=Num2，三类=Num3，增减益=Num4（填0表示增减益都算入）的buff数量＞Num5层数时触发 	51	36	1	0	0	0	0	0	0	0	0		1
9467	1	携带者失去效果时，若携带的大类=Num1，二类=Num2，三类=Num3，增减益=Num4（填0表示增减益都算入）的buff数量≤Num5层数时触发 	50	36	0	0	0	0	0	0	0	0	0		1
9468	1	释放进攻技能时，是单体，且技能为X星，且不是奥义技能，是主动释放的，则触发	12	88	1	93	1	101	1	86	0	77	1		1
9469	1	携带者失去效果时，若携带的任意Num6个 大类=Num1，二类=Num2，三类=Num3，增减益=Num4（填0表示增减益都算入）的buff层数＜Num5层数时触发 	50	138	0	0	0	0	0	0	0	0	0		1
9470	1	携带者受到攻击结束时	59	81	1	88	1	103	1	0	0	0	0		1
9471	1	使用技能牌时，技能牌类型为num1，且自己战斗员id不是num2	11	88	1	137	0	0	0	0	0	0	0		1
9472	1	大回合结束前（早于回合数结算，dot/hot结算)，如果携带者身上num1_1的buff层数大于num1_2，则触发	73	40	1	0	0	0	0	0	0	0	0		1
2045	2	自己身上有某个id=num1_1的buff的层数>条件参数num1_2，目标身上有某个id=num2_1的buff的层数>条件参数num2_2，则触发	1	40	1	87	1	0	0	0	0	0	0		1
9473	1	释放技能结束时，如果目标身上某个id=条件参数1_1的BUFF的层数>条件参数1_2，并且技能是单体技能则触发	11	87	1	101	1	0	0	0	0	0	0		1
9474	1	释放技能时，若类型为num1，对方身上有参数2_1buff层数大于参数2_2	12	88	1	87	1	81	1	0	0	0	0		1
9475	1	携带者获得效果时时，这个BUFF是否是某个类型（大类;二类;三类）的增减益效果	51	83	1	43	1	0	0	0	0	0	0		1
9476	1	携带者失去效果时时，这个BUFF是否是某个类型（大类;二类;三类）的增减益效果	50	83	1	43	1	0	0	0	0	0	0		1
9477	1	其他人释放技能时，若星级为num1，客体为友方，客体不是自己，技能主动释放，不是奥义技能则触发	59	93	1	80	1	82	0	77	1	86	0		1
9478	1	攻击自身的人技能释放结束，且技能为攻击技能牌时，且技能id不是参数3	59	81	1	103	1	76	0	76	0	76	0		1
9479	1	释放单体技能时，目标为敌方，目标身上存在buffid=参数3_1的buff层数>参数3_2，则触发	12	101	1	81	1	87	1	0	0	0	0		1
9480	1	携带者未被暴击时	20	72	0	0	0	0	0	0	0	0	0		1
9481	1	携带者使用非必杀技时触发	12	86	0	0	0	0	0	0	0	0	0		1
9482	1	失去某个buff时，如果参数1和参数2的2个ID的buff都是0层时	50	40	0	40	0	0	0	0	0	0	0		1
9483	1	指定回合结束时	33	106	1	0	0	0	0	0	0	0	0		1
9484	1	其他人技能结束时，若某项属性小于进入战斗时初始值则触发（num1：属性ID）	59	139	0	0	0	0	0	0	0	0	0		1
9485	1	回合结束时，若某项属性大于等于进入战斗时初始值则触发（num1：属性ID）	33	139	1	0	0	0	0	0	0	0	0		1
9486	1	指定回合开始时	32	106	1	0	0	0	0	0	0	0	0		1
9487	1	其他人技能释放结束时	59	0	0	0	0	0	0	0	0	0	0		1
9488	1	释放技能时，若某项属性大于等于进入战斗时初始值则触发（num1：属性ID）	12	139	1	0	0	0	0	0	0	0	0		1
9489	1	自身受到敌人进攻技能攻击开始时,自身携带减益效果buff数量小于等于0	60	81	1	88	1	103	1	36	0	0	0		1
9490	1	大回合结束前（早于回合数结算，dot/hot结算）如果自身sp>4，则触发	73	85	1	0	0	0	0	0	0	0	0		1
9491	1	携带者的攻击将目标护盾打爆后触发	75	0	0	0	0	0	0	0	0	0	0		1
9492	1	携带者的攻击将目标护盾打爆后，若自己不是103017则触发	75	137	0	0	0	0	0	0	0	0	0		1
9493	1	获得BUFF自身时，若携带者战斗员星大于等于4，则触发	51	44	1	136	1	0	0	0	0	0	0		1
9494	1	获得BUFF自身时，若自身buffid=参数1_1的层数大于参数1_2，并且自身星级为参数2_1，满足参数2_2的条件，则触发	51	44	1	40	136	1	0	0	0	0	0		1
9495	1	释放单体技能时,若目标身上没有护盾类buff，则触发	12	101	1	81	1	35	0	0	0	0	0		1
9496	1	携带者的护盾被打爆，自身携带buffid=参数1_1层数大于参数1_2时出发	53	40	1	0	0	0	0	0	0	0	0		1
9497	1	单体技能释放结束时，若目标携带指定buff则触发	11	87	1	101	1	81	1	0	0	0	0		1
9498	1	携带者的攻击将目标护盾打爆后触发	75	86	1	0	0	0	0	0	0	0	0		1
9499	1	携带者释放奥义技能后，若不是主动施法，则触发	11	86	1	77	0	0	0	0	0	0	0		1
9500	1	自身受到敌人进攻技能攻击开始时,自身携带减益效果buff数量小于等于0	60	81	1	88	1	103	1	31	1	0	0		1
9501	1	自身受到敌人进攻技能攻击开始时,自身携带特定buff数量大于0	60	81	1	88	1	103	1	36	1	0	0		1
9502	2	技能触发，携带者的攻击将目标护盾打爆后触发	75	0	0	0	0	0	0	0	0	0	0		1
9503	1	单体技能释放结束时，若目标携带指定buff则触发	12	87	1	101	1	81	1	0	0	0	0		1
9504	1	技能释放开始时，若携带者友方或敌方全体携带的指定大类，二类，三类，增益，减益的buff总计层数是否大于X层	12	130	1	88	1	0	0	0	0	0	0		1
9505	1	敌方使用类型为Num1的技能时	59	88	1	81	1	0	0	0	0	0	0		1
9506	1	敌方使用num1类技能时，当id=num2的buff层数＞num3时	59	88	1	40	1	81	1	0	0	0	0		1
9507	1	携带num2层数大于num3的敌方使用类型为Num1的技能时	59	88	1	87	1	81	1	0	0	0	0		1
9508	1	战斗开始时，如果自身num2属性大于num3则触发	65	10	1	0	0	0	0	0	0	0	0		1
9509	1	获得BUFF自身时，自身buff为num1层数大于num2	51	40	1	44	1	0	0	0	0	0	0		1
9510	1	除自身以外友方受到num1类技能后	54	88	1	80	1	82	0	0	0	0	0		1
9511	1	战斗开始时，如果自身num1属性大于num2	65	10	1	0	0	0	0	0	0	0	0		1
9512	1	回合开始时，如果有某个roleid的角色	32	115	1	0	0	0	0	0	0	0	0		1
9513	1	失去某个buff时，如果num1buff层数小于等于num2层时	50	40	0	0	0	0	0	0	0	0	0		1
9514	1	携带者进攻技能攻击开始时,自身携带指定类型buff数量小于等于0	12	81	1	88	1	36	0	0	0	0	0		1
9515	1	携带者释放攻击技能时，若携带的任意Num6个 大类=Num1，二类=Num2，三类=Num3，增减益=Num4（填0表示增减益都算入）的buff层数≥Num5层数时触发 	12	138	1	81	1	88	1	101	0	0	0		1
9516	1	敌方技能释放时，判断技能类型	60	88	1	81	1	0	0	0	0	0	0		1
9517	1	攻击自身的人身上携带num1buff大于num2层技能释放结束时	59	87	1	81	1	0	0	0	0	0	0		1
9518	1	携带者进攻技能攻击开始时,自身携带指定类型buff数量大于0	12	81	1	88	1	36	1	0	0	0	0		1
9519	1	释放sp技能前	12	86	1	0	0	0	0	0	0	0	0		1
9520	1	释放群体技能时	12	101	0	81	1	0	0	0	0	0	0		1
9521	1	携带者使用奥义技能时，目标身上的减益效果，多于num2层，则触发	12	33	1	86	1	0	0	0	0	0	0		1
9522	1	NUM1（1.增益，2.减益）效果非自然消失时触发	50	43	1	41	0	0	0	0	0	0	0		1
9523	1	自身受到敌人进攻技能攻击开始时,自身携带减益效果buff数量小于等于0	60	81	1	88	1	103	1	20	0	0	0		1
9524	1	造成Num2类单体伤害技能，技能类型为num1前	12	88	1	125	1	101	1	0	0	0	0		1
9525	1	造成单体伤害技能，技能类型为num1前	12	88	1	101	1	0	0	0	0	0	0		1
9526	1	大回合开始时，如果自身生命值大于NUm1	32	12	0	0	0	0	0	0	0	0	0		1
9527	1	造成Num2类伤害技能前，技能类型为num1前	12	88	1	125	1	0	0	0	0	0	0		1
9528	1	友方死亡时，存活人数小于等于Num1	41	74	0	80	1	0	0	0	0	0	0		1
9529	1	获得治疗时，如果自身生命值大于Num1	67	12	1	0	0	0	0	0	0	0	0		1
9530	1	造成大招时，如果目标身上NUM1的buff＞num2层	11	87	1	86	1	0	0	0	0	0	0		1
9531	1	造成Num2类伤害技能后，技能类型为num1前	11	88	1	125	1	0	0	0	0	0	0		1
9532	1	使用单体奥义num1技能后，如果对方num2buff大于num3层	11	88	1	87	1	86	1	81	1	101	1		1
9533	1	当携带者SP发生变动的引发类型是num1时,且SP变化是增加时	70	131	1	132	1	0	0	0	0	0	0		1
9534	1	当携带者SP发生变动的引发类型是num1,sp大于num2，且SP变化是增加时	70	34	1	132	1	0	0	0	0	0	0		1
9535	1	获得num1类buff时	51	43	1	0	0	0	0	0	0	0	0		1
9536	1	身上buff消失时，增益效果层数小于等与num1	50	20	0	0	0	0	0	0	0	0	0		1
9537	1	使用num1类技能后	11	88	1	0	0	0	0	0	0	0	0		1
9538	1	如果被施加的BUFF类型为Num1，且自身增益buff层数大于Num2	51	43	1	130	1	0	0	0	0	0	0		1
9539	1	Num1类技能开始时，如果敌方存活人数大于Num2	12	88	1	73	1	0	0	0	0	0	0		1
9540	1	造成AOE伤害技能，技能类型为num1前	12	88	1	101	0	0	0	0	0	0	0		1
9541	1	造成技能，技能类型为num1后，自身Num2属性大于Num3	11	88	1	10	1	0	0	0	0	0	0		1
9542	1	造成AOE伤害技能，技能类型为num1后	11	88	1	101	0	0	0	0	0	0	0		1
9543	1	造成单体伤害技能，技能类型为num1后	11	88	1	101	1	0	0	0	0	0	0		1
9544	1	使用num1类奥义技能后	11	88	1	86	1	0	0	0	0	0	0		1
9545	1	使用aoe前，敌方人数大于Num1	12	73	0	101	0	0	0	0	0	0	0		1
9546	2	客体方阵营的负面BUFF层数>条件参数1_1个	1	140	1	0	0	0	0	0	0	0	0		1
9547	1	Num1类技能开始时，如果敌方存活人数小于等于Num2	12	88	1	73	101	0	0	0	0	0	0		1
9548	1	获得buff时，减益效果层数大于num1	51	31	1	0	0	0	0	0	0	0	0		1
9549	1	身上buff消失时，减益效果层数小于等于num1	50	31	0	0	0	0	0	0	0	0	0		1
9550	1	携带者技能开始释放时，自身奥义能量大于num1	12	85	0	0	0	0	0	0	0	0	0		1
9551	2	如果自身星级Num2 Num1	1	136	1	0	0	0	0	0	0	0	0		1
9552	2	如果自身星级Num2 Num1	1	136	1	72	1	0	0	0	0	0	0		1
9553	1	回合结束时，如果友方增益层数大于Num1	33	141	1	0	0	0	0	0	0	0	0		1
9554	1	sp降低为0时	70	85	0	132	0	0	0	0	0	0	0		1
9555	2	自己身上的增益BUFF数量>条件参数1_1	1	130	1	0	0	0	0	0	0	0	0		1
9556	1	受hit时，技能牌ID为Num1，暴击	20	110	1	72	1	0	0	0	0	0	0		1
9557	1	受hit时，技能牌类型为Num1，客体猫种为Num2、且暴击	20	88	1	113	1	72	1	0	0	0	0		1
9558	1	开始释放某个特定的技能牌时（条件为特定的技能ID）	12	110	1	0	0	0	0	0	0	0	0		1
9559	1	携带者技能开始释放时，目标身上的减益BUFF数量小于等于NUM1	12	33	0	0	0	0	0	0	0	0	0		1
9560	1	自身受到敌人进攻技能攻击开始时,若该技能是奥义技能	60	81	1	88	1	103	1	86	1	0	0		1
9561	1	携带者开始释放技能时，自身num1属性大于初始值	12	139	1	0	0	0	0	0	0	0	0		1
9562	1	失去某个buff时，如果这个buff的id=条件1则触发，判断非自然BUFF消失	50	42	1	41	1	0	0	0	0	0	0		1
9563	1	使用技能ID=num1前	12	76	1	0	0	0	0	0	0	0	0		1
9564	1	受hit时，自身num1_1buff大于num1_2层	20	40	1	0	0	0	0	0	0	0	0		1
9565	1	携带者开始释放技能时，友方存活数量大于X	12	74	1	0	0	0	0	0	0	0	0		1
9566	1	大回合开始时	32	36	0	0	0	0	0	0	0	0	0		1
9567	1	获得效果时，判断buff的大，2，3类；且roleID不等于Num2	51	83	1	113	0	81	1	0	0	0	0		1
9568	1	技能ID=num1触发失败时	69	110	1	40	0	0	0	0	0	0	0		1
9569	1	回合开始时，我方同时存在XX卡	32	116	1	116	1	0	0	0	0	0	0		1
9570	1	获得BUFF自身时，如果自身buff1大于num1_2,buff2小于等于num2_2	51	40	1	40	0	44	1	0	0	0	0		1
9571	1	攻击自身的人技能开始释放时，目标身上num1id的buff大于num2层	60	87	1	88	1	81	1	0	0	0	0		1
9572	1	释放技能时，若某项属性大于进入战斗时初始值则触发（num1：属性ID）	12	142	1	0	0	0	0	0	0	0	0		1
9573	1	携带者攻击技能开始释放时，携带者身上大类=Num1，二类=Num2，三类=Num3，增减益=Num4（填0表示增减益都算入）的buff数量>Num5（叠层的BUFF算作1个数量单位），则触发	12	81	1	88	1	36	1	0	0	0	0		1
9574	1	释放技能时，身上SP点数大于num1	12	85	1	0	0	0	0	0	0	0	0		1
9575	1	释放技能时，身上SP点数小于等于num1	12	85	0	0	0	0	0	0	0	0	0		1
9576	1	回合开始时，若敌方存活人数>参数1，则触发	32	73	1	0	0	0	0	0	0	0	0		1
9577	1	其他角色死亡时，若敌方存活人数<=参数1，则触发	41	73	1	0	0	0	0	0	0	0	0		1
9578	1	携带者获得效果时，参数1-buff层数>参数2	51	40	1	0	0	0	0	0	0	0	0		1
9579	1	开始释放技能时，技能为群体，敌方存活角色数量是否>Num1（以主体为立场判定）	12	73	1	101	0	0	0	0	0	0	0		1
9580	1	造成群体伤害前	12	88	1	101	0	81	1	0	0	0	0		1
9581	1	造成群体伤害后	12	88	1	101	0	81	1	0	0	0	0		1
9582	1	获得sp点后，如果sp点＞参数1点	70	85	1	0	0	0	0	0	0	0	0		1
9583	1	攻击后，携带者身上大类=Num1，二类=Num2，三类=Num3，增减益=Num4（填0表示增减益都算入）的buff数量>Num5（叠层的BUFF算作1个数量单位），则触发	11	36	1	0	0	0	0	0	0	0	0		1
9584	1	使用群攻奥义技能后	11	88	1	101	0	86	1	81	1	0	0		1
9585	1	敌方使用技能后	56	81	1	0	0	0	0	0	0	0	0		1
9586	1	携带者受到攻击技能开始时，携带者身上大类=Num1，二类=Num2，三类=Num3，增减益=Num4（填0表示增减益都算入）的buff数量>Num5（叠层的BUFF算作1个数量单位），则触发	60	81	1	88	1	103	1	36	1	0	0		1
9587	1	受到伤害时，客体为敌方，单体技能，携带buffid，层数大于num1	20	40	1	81	1	101	1	0	0	0	0		1
9588	1	携带者sp改动前已满-改动为增加	76	132	1	0	0	0	0	0	0	0	0		1
9589	1	携带者死亡时，客体为敌人	40	80	0	0	0	0	0	0	0	0	0		1
9590	1	携带者使用num技能攻击敌人时，多段能触发	10	110	1	0	0	0	0	0	0	0	0		1
9591	1	其他人开始释放技能时	60	0	0	0	0	0	0	0	0	0	0		1
9592	1	如果被施加的BUFF为增益或减益，可叠加，则触发（填1判定增益，填2判定减益）	51	43	1	143	1	0	0	0	0	0	0		1
9593	2	判断携带者不存在2个ID 的BUFF层数	1	40	0	40	0	0	0	0	0	0	0		1
9594	1	被攻击时，攻击技能为进攻，如果攻击者身上某个id的BUFF>条件参数1_1层，受击者身上某个id的BUFF>条件参数2_1层，受击者身上某个id的BUFF<=条件参数3_1层	20	125	0	87	1	40	1	40	0	81	1		1
9595	1	被攻击时，攻击者为敌人，攻击技能为进攻，受击者身上某个id的BUFF>条件参数1_1层,受击者身上某个id的BUFF<=条件参数2_1层	20	125	0	40	1	40	0	133	1	81	1		1
9596	1	被攻击时，攻击者为敌人，攻击技能为进攻，受击者身上某个大类：二类：三类为num1:num2:num3,增减益num4的BUFF>num5层	20	125	0	36	1	133	1	81	1	0	0		1
9597	1	队友施放技能后，所有己方增益层数达到num1	59	141	1	80	1	0	0	0	0	0	0		1
9598	1	自己施放技能后，所有己方增益层数达到num1	11	141	1	0	0	0	0	0	0	0	0		1
9599	1	其他角色技能结束时，自己携带buffid层数大于num2	55	40	1	0	0	0	0	0	0	0	0		1
9600	1	释放技能时，释放的技能卡的id=num1	12	110	1	0	0	0	0	0	0	0	0		1
9601	1	获得buff时，buff为可叠加增益未满，阵营-角色-拥有buff	51	43	1	143	1	144	1	145	0	0	0		1
9602	2	判断角色星级	1	136	1	0	0	0	0	0	0	0	0		1
9603	1	自身受到敌人进攻技能攻击开始时	60	81	1	88	1	103	1	0	0	0	0		1
9604	1	自身受到敌人群攻技能攻击开始时	60	81	1	88	1	103	1	101	0	0	0		1
9605	1	自身受到敌人单体技能攻击开始时	60	81	1	88	1	103	1	101	1	0	0		1
9606	2	自身某类buff层数大于num5	1	36	1	0	0	0	0	0	0	0	0		1
9607	2	自身颜色为num1	1	98	1	0	0	0	0	0	0	0	0		1
9608	1	使用sp技能后，如果自身颜色为num1	11	98	1	86	1	0	0	0	0	0	0		1
9609	1	非sp技能完全结束	11	40	0	86	0	0	0	0	0	0	0		1
9610	1	携带者释放攻击技能时，若携带的任意Num6个 大类=Num1，二类=Num2，三类=Num3，增减益=Num4（填0表示增减益都算入）的buff层数≥Num5层数时触发 	12	138	1	81	1	88	1	0	0	0	0		1
9611	1	hit时，技能牌ID=Num1	10	110	1	81	1	0	0	0	0	0	0		1
9612	1	大回合开始时	32	0	0	0	0	0	0	0	0	0	0		1
9613	1	携带者X星攻击技能开始释放时，携带者身上大类=Num1，二类=Num2，三类=Num3，增减益=Num4（填0表示增减益都算入）的buff数量>Num5（叠层的BUFF算作1个数量单位），则触发	12	81	1	88	1	93	1	36	1	0	0		1
9614	1	使用sp技能结束后，当自身buffID=Num1_1大于Num1_2，buffID=Num2_1大于Num2_2时	11	40	1	40	0	86	1	0	0	0	0		1
9615	1	使用sp技能结束后，当自身buffID=Num1_1小于等于于Num1_2	11	40	0	86	1	0	0	0	0	0	0		1
9616	1	受到治疗效果时	67	72	1	0	0	0	0	0	0	0	0		1
9617	1	获得BUFF自身时，如果自身相邻单位buffid=Num1大于num2层	51	146	1	44	1	0	0	0	0	0	0		1
9618	1	获得BUFF自身时，如果自身相邻单位buffid=Num1小于num2层，自身buffid=Num1大于Num2层	51	146	0	40	1	44	1	0	0	0	0		1
9619	2	场上存在id=num1的角色，阵营=num2	1	115	1	0	0	0	0	0	0	0	0		1
9620	2	场上不存在id=num1的角色，阵营=num2	1	115	0	0	0	0	0	0	0	0	0		1
9621	1	获得BUFF自身时，判断自身卡牌ID	51	137	1	44	1	0	0	0	0	0	0		1
9622	1	使用sp技能时如果暴击	10	86	1	81	1	72	1	0	0	0	0		1
9623	1	使用Num2星技能牌ID=Num1后	11	110	1	93	1	0	0	0	0	0	0		1
9624	2	敌方或友方全体携带的num2=buffID的buff总计层数是否大于num3层	1	129	1	0	0	0	0	0	0	0	0		1
9625	1	被攻击时，攻击技能为进攻，攻击者身上某个id的BUFF>条件参数1_1层	20	125	0	87	1	0	0	0	0	0	0		1
9626	1	被攻击时，受到了伤害（参数配-1）	20	125	0	0	0	0	0	0	0	0	0		1
9627	1	对敌方的单体Num1类型技能结束时	11	88	1	81	1	101	1	0	0	0	0		1
9628	1	对敌方造成的单体Num1类型非sp技能造成伤害时	10	88	1	81	1	101	1	86	0	0	0		1
9629	1	友方对敌方造成的单体Num1类型非sp技能造成伤害时	54	88	1	81	1	101	1	86	0	0	0		1
9630	1	使用skilltag=Num1的技能前	12	105	1	0	0	0	0	0	0	0	0		1
9631	1	对敌方的单体技能结束时有Num1概率，每层Num2提高Num3	11	147	1	101	1	81	1	0	0	0	0		1
9632	1	回合结束前，如果Num3阵营buffid=Num1达到Num2层	73	129	1	0	0	0	0	0	0	0	0		1
9633	2	目标身上buffid=Num1层数小于等于Num2	1	87	0	0	0	0	0	0	0	0	0		1
9634	2	目标身上有某个id=条件参数1的buff的层数>条件参数2,自己身上有某个id=条件参数1的buff的层数>条件参数2	1	87	1	40	1	0	0	0	0	0	0		1
9635	1	对敌方的群体Num1类型技能结束时	11	88	1	81	1	101	0	0	0	0	0		1
9636	1	获得BUFF自身时，如果自身颜色为Num1	51	98	1	44	1	0	0	0	0	0	0		1
9637	1	其他友方的手动技能结束时	59	77	1	80	1	0	0	0	0	0	0		1
9638	1	自身buffID=Num1非自然消失时	50	42	1	41	0	0	0	0	0	0	0		1
9639	1	使用进攻技能后	11	88	1	0	0	0	0	0	0	0	0		1
9640	1	其他人使用ID为Num1的技能牌后	60	110	1	0	0	0	0	0	0	0	0		1
9641	1	大回合开始时，如果自己身上ID=Num1的buff小于等于Num2层	32	40	0	0	0	0	0	0	0	0	0		1
9642	1	获得效果时，自己身上某个BUFF（id=条件参数1_1）的叠加层数>条件参数1_2，且某个BUFF（id=条件参数2_1）的叠加层数>条件参数2_2	51	40	1	40	1	0	0	0	0	0	0		1
9643	1	结束释放某个特定的技能牌时（条件为特定的技能ID）	11	110	1	0	0	0	0	0	0	0	0		1
9644	1	自身的手动技能结束时	11	77	1	80	1	0	0	0	0	0	0		1
9645	1	获得ID=Num1的buff时	51	42	1	0	0	0	0	0	0	0	0		1
9646	1	获得ID=Num1的buff时，自己身上某个BUFF（id=条件参数1_1）的叠加层数>条件参数1_2	51	42	1	40	1	0	0	0	0	0	0		1
9647	1	回合结束时，自己身上某个BUFF（id=条件参数1_1）的叠加层数>条件参数1_2	33	40	1	0	0	0	0	0	0	0	0		1
9648	1	自身使用ID为Num1的技能后	11	76	1	0	0	0	0	0	0	0	0		1
9649	1	友方攻击时	59	88	1	80	1	0	0	0	0	0	0		1
9650	1	角色失去BUFF时，num1 ID的BUFF层数<num2层	50	42	1	41	0	0	0	0	0	0	0		1
9651	1	使用进攻技能的敌人技能释放结束时(参数配2)	59	88	1	81	1	0	0	0	0	0	0		1
9652	2	技能目标身上存在护盾(参数配5,0,0,1,0)	1	35	1	0	0	0	0	0	0	0	0		1
9653	1	友方死亡，且阵营=NUM2方场上没有characterId=NUM1时	41	115	0	80	1	0	0	0	0	0	0		1
9654	1	技能结束时，如果自己身上ID=Num1的buff大于Num2层，自己身上ID=Num1的buff小于等于Num2层	11	40	1	40	0	0	0	0	0	0	0		1
9655	1	技能命中时，如果目标身上id=Num1的buff大于Num2层	10	87	1	81	1	0	0	0	0	0	0		1
9656	1	使用群攻技能前	12	88	1	101	0	0	0	0	0	0	0		1
9657	1	其他友方使用Num1类型奥义技能时，自身生命值大于Num2	60	88	1	12	1	86	1	80	1	0	0		1
9658	1	其他友方使用Num1类型奥义技能时，自身生命值大于Num2	60	88	1	40	0	12	1	86	1	80	1		1
9659	1	tag为Num1的技能释放开始时	12	105	1	0	0	0	0	0	0	0	0		1
9660	1	被攻击时，如果目标身上buffid=Num1小于等于Num2层	20	87	0	81	1	0	0	0	0	0	0		1
9661	1	友方被攻击时	56	88	1	87	0	80	1	0	0	0	0		1
9662	1	其他友方使用奥义技能时	60	86	1	80	1	0	0	0	0	0	0		1
9663	1	某指定固定ID的BUFF非自然消失时，如果自身buffid=Num1的buff小于等于Num2层时1.判断BUFFID 2.判断是否自然消失。（将消未消时）	52	42	1	40	0	41	0	0	0	0	0		1
9664	1	某指定固定ID的BUFF自然消失时，1.判断BUFFID 2.判断是否自然消失。（将消未消时）	52	42	1	40	0	41	1	0	0	0	0		1
9665	1	Num1类大招释放前	12	88	1	86	0	0	0	0	0	0	0		1
9666	1	技能结束时	11	87	0	0	0	0	0	0	0	0	0		1
9667	1	携带者hit后，造成的伤害类型=参数1时触发	10	125	1	0	0	0	0	0	0	0	0		1
9668	1	携带者hit后，是奥义技能	10	86	1	0	0	0	0	0	0	0	0		1
9669	1	携带者hit后，是奥义技能，造成的伤害类型=参数1时触发	10	125	1	86	1	0	0	0	0	0	0		1
9670	1	某个特定的技能牌释放结束时（条件为特定的技能ID）	11	110	1	0	0	0	0	0	0	0	0		1
9671	1	携带者攻击类奥义技能开始释放时，携带者身上大类=Num1，二类=Num2，三类=Num3，增减益=Num4（填0表示增减益都算入）的buff数量>Num5（叠层的BUFF算作1个数量单位），则触发	12	81	1	88	1	36	1	86	1	0	0		1
9672	1	携带者失去效果时，若携带的大类=Num1，二类=Num2，三类=Num3，增减益=Num4（填0表示增减益都算入）的buff数量≤Num5层数时触发 	50	36	0	36	0	0	0	0	0	0	0		1
9673	1	携带者开始受到Num1buffid大于num2层的敌方使用num3类型技能时	60	87	1	88	1	81	1	0	0	0	0		1
9674	1	携带者受到敌方使用num1类型技能结束时	59	88	1	81	1	0	0	0	0	0	0		1
9675	1	使用非sp技能时，场上Num1阵营存在buffid=Num2大于num3层触发	11	129	1	81	1	86	0	0	0	0	0		1
9676	1	cattype=Num1的友方被指定为Num2类型技能目标前	56	113	1	88	1	80	1	0	0	0	0		1
9677	1	其他人的技能结束时	55	80	1	0	0	0	0	0	0	0	0		1
9678	1	回合结束前，NUM1阵营的buffID=Num2总量大于Num3	73	129	1	0	0	0	0	0	0	0	0		1
9679	1	技能ID=Num1释放结束时，NUM1阵营的buffID=Num2总量大于Num3	11	110	1	129	1	0	0	0	0	0	0		1
9680	1	回合开始时，NUM1阵营的buffID=Num2总量小于等于Num3	32	129	0	0	0	0	0	0	0	0	0		1
9681	1	非sp技能结束时，NUM1_1阵营的buffID=Num1_2总量大于Num1_3，Num2_6类目标大类Num2_1,二类Num2_2,三类2_3,Num2_4类型buff大于Num2_5层	11	129	1	130	1	86	0	81	1	0	0		1
9682	2	NUM1_1阵营的buffID=Num1_2总量大于Num1_3时	1	129	1	0	0	0	0	0	0	0	0		1
9683	1	Num1类型buff非自然消失时	50	43	1	41	0	0	0	0	0	0	0		1
9684	1	敌方死亡时	43	81	1	0	0	0	0	0	0	0	0		1
9685	1	技能结束时，Num6类目标大类Num1,二类Num2,三类3,Num4类型buff大于Num5层	11	130	1	0	0	0	0	0	0	0	0		1
9686	1	友方死亡时	41	80	1	0	0	0	0	0	0	0	0		1
9687	1	其他人死亡后，我方小于等于Num1人	41	74	0	80	1	0	0	0	0	0	0		1
9688	1	对敌方使用Num1类型技能后，如果目标身上Num2_1buff大于Num2_2层	11	88	1	87	1	81	1	0	0	0	0		1
9689	1	受到敌方Num1类型使用技能后，如果目标身上Num2_1buff大于Num2_2层	59	88	1	87	1	81	1	103	1	0	0		1
9690	2	判断携带者友方或敌方全体携带的指定buffID的buff总计层数是否大于X层	1	129	0	0	0	0	0	0	0	0	0		1
9691	1	受到敌方Num3类型技能时，自身Num1_1buff大于NUM1_2层，目标Num2_1buff大于Num2_2层	60	40	1	87	1	88	1	81	1	0	0		1
9692	1	携带者获得效果时时，若携带的大类=Num1，二类=Num2，三类=Num3，增减益=Num4（填0表示增减益都算入）的buff数量＞Num5层数时，且该效果ID不等于指定num6,num7，num8时触发	51	36	1	42	0	42	0	42	0	0	0		1
9693	1	携带者失去效果时时，身上num1 ID的buff小于等于num2，身上num3 ID的buff小于等于num4则触发	50	40	0	40	0	0	0	0	0	0	0		1
9694	1	被友方指定为非Num1，Num2类型单体技能的目标时	59	88	0	88	0	101	1	81	0	103	1		1
9695	1	回合结束前	73	148	1	0	0	0	0	0	0	0	0		1
9696	1	使用Num1星Num2类技能牌前	12	93	1	88	1	86	0	0	0	0	0		1
9697	1	某个BUFF非自然消失时，判断是否是BUFF自身	52	40	1	44	1	41	0	0	0	0	0		1
9698	2	目标身上id=num1,num3的buff层数介于num2与num4之间（右包含）	1	40	1	40	0	0	0	0	0	0	0		1
9699	1	被攻击时，受到了伤害（参数配-1），星级为num2（二进制运算）的非sp技能	20	125	0	93	1	86	0	0	0	0	0		1
9700	1	被攻击前，技能为攻击技能（num1配2），星级为num2	56	88	1	93	1	82	1	0	0	0	0		1
9701	1	携带者攻击技能释放结束未暴击	11	72	0	81	1	88	1	0	0	0	0		1
9702	1	被攻击技能结束后，受到了伤害（参数配-1），星级为num2（二进制运算）的非sp技能	55	125	0	93	1	86	0	82	1	0	0		1
9703	1	获得某个buff时，如果这个buff的id=条件1，星级=条件2则触发	51	42	1	111	1	0	0	0	0	0	0		1
9704	1	回合结束前，Num3方阵营Num1buff大于Num2层	73	129	1	0	0	0	0	0	0	0	0		1
9705	1	敌方使用Num1类技能前，技能目标身上buffid=Num2_1大于Num2_2层，buffid=Num3_1小于等于Num3_2层	55	88	1	87	1	87	0	101	1	149	1		1
9706	1	使用技能牌时，且自己战斗员id不是num2	11	137	0	88	1	0	0	0	0	0	0		1
9707	1	攻击自身的人技能释放结束，且技能为攻击技能牌时，且技能id不是参数3	59	81	1	103	1	76	0	0	0	0	0		1
9708	1	携带者触发大毅力（回合）时，触发	77	0	0	0	0	0	0	0	0	0	0	0	1
9709	1	使用技能后，确定此技能是自身技能IDnum1时触发	11	76	1	0	0	0	0	0	0	0	0	0	1
9710	1	友方指定技能ID释放SP技能时	59	110	1	86	1	80	1	0	0	0	0	0	1
9711	1	友方指定技能ID释放后	59	110	1	80	1	0	0	0	0	0	0	0	1
9712	1	回合时判断自身是绿色属性时	32	98	1	80	1	0	0	0	0	0	0	0	1
9713	1	友方指定技能ID释放SP技能时,判断自身颜色	60	110	1	98	1	86	1	80	1	0	0	0	1
9714	1	携带者释放大招造成伤害时，如果目标身上某个BUFFID层数大于*则触发	10	87	1	86	1	81	1	0	0	0	0	0	1
9715	1	其他人行动后，触发	55	0	0	0	0	0	0	0	0	0	0	0	1
9716	1	携带者受到伤害时，造成的伤害类型=参数1时触发	71	125	1	81	1	0	0	0	0	0	0		1
9717	1	如果技能为攻击牌，客体为敌人，能触发	20	70	1	88	1	81	1	0	0	0	0		1
9718	1	我方对敌方造成伤害时，如果目标带有Num1的BUFF，则触发（含奥义SP技能）	54	88	1	40	1	81	1	0	0	0	0		1
9719	1	对敌方造成的Num1类型非sp技能造成伤害时	10	88	1	81	1	0	0	0	0	0	0		1
9720	1	友方对敌方造成的Num1类型非sp技能造成伤害时	54	88	1	81	1	0	0	0	0	0	0		1
9721	1	其他人释放技能结束后，技能ID,技能位置=sp则触发,	59	76	1	86	1	80	1	0	0	0	0		1
9722	1	携带者使用必杀技伤害结算时触发	11	86	1	0	0	0	0	0	0	0	0		1
9723	2	自己身上的id=条件参数2_1的buff的叠加层数>条件参数2_2，id=条件参数2_1的buff的叠加层数<=条件参数2_2则触发	1	40	1	40	0	0	0	0	0	0	0		1
9724	1	攻击技能生效前，判断目标身上大类=Num1，二类=Num2，三类=Num3，增减益=Num4（填0表示增减益都算入）的buff数量>Num5（叠层的BUFF算作1个数量单位）则触发	12	35	1	0	0	0	0	0	0	0	0		1
9725	1	获得效果时，自身某个BUFF（id=条件参数1_1）的叠加层数>条件参数1_2	55	87	1	0	0	0	0	0	0	0	0		1
9726	1	回合结束时，自己身上某个BUFF（id=条件参数1_1）的叠加层数>条件参数1_2，某个BUFF（id=条件参数1_1）的叠加层数小于等于条件参数1_2	31	40	1	40	0	0	0	0	0	0	0		1
9727	1	携带者释放技能前，自身某个BUFF（id=条件参数1_1）的叠加层数>条件参数1_2	12	76	1	0	0	0	0	0	0	0	0		1
9728	1	其他人技能结束时，如果技能ID=条件参数1则触发	59	76	1	0	0	0	0	0	0	0	0		1
9729	1	其他友方技能开始时	60	80	1	0	0	0	0	0	0	0	0		1
9730	1	携带者释放技能完全结束时，若释放技能ID=条件参数1，自身某个BUFF（ID=条件参数2_1）的叠加层数>条件参数2_2则触发	11	40	1	76	1	0	0	0	0	0	0		1
9731	1	携带者释放技能完全结束时，自身某个BUFF（ID=条件参数2_1）的叠加层数>条件参数2_2则触发	11	40	1	0	0	0	0	0	0	0	0		1
9732	1	携带者回合开始时，自己身上某个BUFF（id=条件参数1_1）的叠加层数>条件参数1_2，某个BUFF（id=条件参数1_1）的叠加层数小于等于条件参数1_2	32	40	1	40	0	0	0	0	0	0	0		1