id	groupId	level	attId	color	attNum	costItem	costNum	status
int	int	int	int	int	int	int	int	int
1	1	1	101;201;301	0	12;4;40			1
2	1	2	101	0	12	4120001;4120002;4120003	20;15;10	1
3	1	3	201	0	12	4120001;4120002;4120003	22;17;12	1
4	1	4	301	0	28	4120001;4120002;4120003	25;20;15	1
5	1	5	101	0	12	4120001;4120002;4120003	27;22;17	1
6	1	6	201	0	12	4120001;4120002;4120003	30;25;20	1
7	1	7	301	0	28	4120001;4120002;4120003	32;27;22	1
8	1	8	101	0	12	4120001;4120002;4120003	35;30;25	1
9	1	9	201	0	12	4120001;4120002;4120003	37;32;27	1
10	1	10	301	0	28	4120001;4120002;4120003	40;35;30	1
11	1	11	101	0	12	4120001;4120002;4120003	42;37;32	1
12	1	12	201	0	12	4120001;4120002;4120003	45;40;35	1
13	1	13	301	0	28	4120001;4120002;4120003	47;42;37	1
14	1	14	101	0	12	4120001;4120002;4120003	50;45;40	1
15	1	15	201	0	12	4120001;4120002;4120003	52;47;42	1
16	1	16	301	0	28	4120001;4120002;4120003;4120004	55;50;45;20	1
17	1	17	101	0	12	4120001;4120002;4120003;4120004	57;52;47;25	1
18	1	18	201	0	12	4120001;4120002;4120003;4120004	60;55;50;30	1
19	1	19	301	0	36	4120001;4120002;4120003;4120004	62;57;52;35	1
20	1	20	101;201;301	0	8;4;24	4120001;4120002;4120003;4120004	65;60;55;40	1
21	1	21	101;201;301	0	8;4;24	4120001;4120002;4120003;4120004	130;120;110;80	1
22	1	22	101;201;301	0	8;4;24	4120001;4120002;4120003;4120004	195;180;165;120	1
23	1	23	101;201;301	0	8;4;24	4120001;4120002;4120003;4120004	260;240;220;160	1
24	1	24	101;201;301	0	8;4;24	4120001;4120002;4120003;4120004	325;300;275;200	1
25	1	25	101;201;301	0	8;4;24	4120001;4120002;4120003;4120004	390;360;330;240	1
26	2	1	101;201;301	0	12;4;40			1
27	2	2	101	0	12	4120001;4120002;4120003	20;15;10	1
28	2	3	201	0	12	4120001;4120002;4120003	22;17;12	1
29	2	4	301	0	28	4120001;4120002;4120003	25;20;15	1
30	2	5	101	0	12	4120001;4120002;4120003	27;22;17	1
31	2	6	201	0	12	4120001;4120002;4120003	30;25;20	1
32	2	7	301	0	28	4120001;4120002;4120003	32;27;22	1
33	2	8	101	0	12	4120001;4120002;4120003	35;30;25	1
34	2	9	201	0	12	4120001;4120002;4120003	37;32;27	1
35	2	10	301	0	28	4120001;4120002;4120003	40;35;30	1
36	2	11	101	0	12	4120001;4120002;4120003	42;37;32	1
37	2	12	201	0	12	4120001;4120002;4120003	45;40;35	1
38	2	13	301	0	28	4120001;4120002;4120003	47;42;37	1
39	2	14	101	0	12	4120001;4120002;4120003	50;45;40	1
40	2	15	201	0	12	4120001;4120002;4120003	52;47;42	1
41	2	16	301	0	28	4120001;4120002;4120003;4120004	55;50;45;20	1
42	2	17	101	0	12	4120001;4120002;4120003;4120004	57;52;47;25	1
43	2	18	201	0	12	4120001;4120002;4120003;4120004	60;55;50;30	1
44	2	19	301	0	36	4120001;4120002;4120003;4120004	62;57;52;35	1
45	2	20	101;201;301	0	8;4;24	4120001;4120002;4120003;4120004	65;60;55;40	1
46	2	21	101;201;301	0	8;4;24	4120001;4120002;4120003;4120004	130;120;110;80	1
47	2	22	101;201;301	0	8;4;24	4120001;4120002;4120003;4120004	195;180;165;120	1
48	2	23	101;201;301	0	8;4;24	4120001;4120002;4120003;4120004	260;240;220;160	1
49	2	24	101;201;301	0	8;4;24	4120001;4120002;4120003;4120004	325;300;275;200	1
50	2	25	101;201;301	0	8;4;24	4120001;4120002;4120003;4120004	390;360;330;240	1
51	3	1	101;201;301	0	12;4;40			1
52	3	2	101	0	12	4120001;4120002;4120003	20;15;10	1
53	3	3	201	0	12	4120001;4120002;4120003	22;17;12	1
54	3	4	301	0	28	4120001;4120002;4120003	25;20;15	1
55	3	5	101	0	12	4120001;4120002;4120003	27;22;17	1
56	3	6	201	0	12	4120001;4120002;4120003	30;25;20	1
57	3	7	301	0	28	4120001;4120002;4120003	32;27;22	1
58	3	8	101	0	12	4120001;4120002;4120003	35;30;25	1
59	3	9	201	0	12	4120001;4120002;4120003	37;32;27	1
60	3	10	301	0	28	4120001;4120002;4120003	40;35;30	1
61	3	11	101	0	12	4120001;4120002;4120003	42;37;32	1
62	3	12	201	0	12	4120001;4120002;4120003	45;40;35	1
63	3	13	301	0	28	4120001;4120002;4120003	47;42;37	1
64	3	14	101	0	12	4120001;4120002;4120003	50;45;40	1
65	3	15	201	0	12	4120001;4120002;4120003	52;47;42	1
66	3	16	301	0	28	4120001;4120002;4120003;4120004	55;50;45;20	1
67	3	17	101	0	12	4120001;4120002;4120003;4120004	57;52;47;25	1
68	3	18	201	0	12	4120001;4120002;4120003;4120004	60;55;50;30	1
69	3	19	301	0	36	4120001;4120002;4120003;4120004	62;57;52;35	1
70	3	20	101;201;301	0	8;4;24	4120001;4120002;4120003;4120004	65;60;55;40	1
71	3	21	101;201;301	0	8;4;24	4120001;4120002;4120003;4120004	130;120;110;80	1
72	3	22	101;201;301	0	8;4;24	4120001;4120002;4120003;4120004	195;180;165;120	1
73	3	23	101;201;301	0	8;4;24	4120001;4120002;4120003;4120004	260;240;220;160	1
74	3	24	101;201;301	0	8;4;24	4120001;4120002;4120003;4120004	325;300;275;200	1
75	3	25	101;201;301	0	8;4;24	4120001;4120002;4120003;4120004	390;360;330;240	1
76	4	1	101;201;301	0	16;4;40			1
77	4	2	101	0	16	4120001;4120002;4120003	20;15;10	1
78	4	3	201	0	16	4120001;4120002;4120003	22;17;12	1
79	4	4	301	0	44	4120001;4120002;4120003	25;20;15	1
80	4	5	101	0	16	4120001;4120002;4120003	27;22;17	1
81	4	6	201	0	16	4120001;4120002;4120003	30;25;20	1
82	4	7	301	0	44	4120001;4120002;4120003	32;27;22	1
83	4	8	101	0	16	4120001;4120002;4120003	35;30;25	1
84	4	9	201	0	16	4120001;4120002;4120003	37;32;27	1
85	4	10	301	0	40	4120001;4120002;4120003	40;35;30	1
86	4	11	101	0	16	4120001;4120002;4120003	42;37;32	1
87	4	12	201	0	16	4120001;4120002;4120003	45;40;35	1
88	4	13	301	0	40	4120001;4120002;4120003	47;42;37	1
89	4	14	101	0	16	4120001;4120002;4120003	50;45;40	1
90	4	15	201	0	16	4120001;4120002;4120003	52;47;42	1
91	4	16	301	0	40	4120001;4120002;4120003;4120004	55;50;45;20	1
92	4	17	101	0	16	4120001;4120002;4120003;4120004	57;52;47;25	1
93	4	18	201	0	16	4120001;4120002;4120003;4120004	60;55;50;30	1
94	4	19	301	0	40	4120001;4120002;4120003;4120004	62;57;52;35	1
95	4	20	101;201;301	0	12;8;32	4120001;4120002;4120003;4120004	65;60;55;40	1
96	4	21	101;201;301	0	12;8;32	4120001;4120002;4120003;4120004	130;120;110;80	1
97	4	22	101;201;301	0	12;8;32	4120001;4120002;4120003;4120004	195;180;165;120	1
98	4	23	101;201;301	0	12;8;32	4120001;4120002;4120003;4120004	260;240;220;160	1
99	4	24	101;201;301	0	12;8;32	4120001;4120002;4120003;4120004	325;300;275;200	1
100	4	25	101;201;301	0	12;8;32	4120001;4120002;4120003;4120004	390;360;330;240	1
101	5	1	101;201;301	0	16;4;40			1
102	5	2	101	0	16	4120001;4120002;4120003	20;15;10	1
103	5	3	201	0	16	4120001;4120002;4120003	22;17;12	1
104	5	4	301	0	44	4120001;4120002;4120003	25;20;15	1
105	5	5	101	0	16	4120001;4120002;4120003	27;22;17	1
106	5	6	201	0	16	4120001;4120002;4120003	30;25;20	1
107	5	7	301	0	44	4120001;4120002;4120003	32;27;22	1
108	5	8	101	0	16	4120001;4120002;4120003	35;30;25	1
109	5	9	201	0	16	4120001;4120002;4120003	37;32;27	1
110	5	10	301	0	40	4120001;4120002;4120003	40;35;30	1
111	5	11	101	0	16	4120001;4120002;4120003	42;37;32	1
112	5	12	201	0	16	4120001;4120002;4120003	45;40;35	1
113	5	13	301	0	40	4120001;4120002;4120003	47;42;37	1
114	5	14	101	0	16	4120001;4120002;4120003	50;45;40	1
115	5	15	201	0	16	4120001;4120002;4120003	52;47;42	1
116	5	16	301	0	40	4120001;4120002;4120003;4120004	55;50;45;20	1
117	5	17	101	0	16	4120001;4120002;4120003;4120004	57;52;47;25	1
118	5	18	201	0	16	4120001;4120002;4120003;4120004	60;55;50;30	1
119	5	19	301	0	40	4120001;4120002;4120003;4120004	62;57;52;35	1
120	5	20	101;201;301	0	12;8;32	4120001;4120002;4120003;4120004	65;60;55;40	1
121	5	21	101;201;301	0	12;8;32	4120001;4120002;4120003;4120004	130;120;110;80	1
122	5	22	101;201;301	0	12;8;32	4120001;4120002;4120003;4120004	195;180;165;120	1
123	5	23	101;201;301	0	12;8;32	4120001;4120002;4120003;4120004	260;240;220;160	1
124	5	24	101;201;301	0	12;8;32	4120001;4120002;4120003;4120004	325;300;275;200	1
125	5	25	101;201;301	0	12;8;32	4120001;4120002;4120003;4120004	390;360;330;240	1
126	6	1	101;201;301	0	16;4;40			1
127	6	2	101	0	16	4120001;4120002;4120003	20;15;10	1
128	6	3	201	0	16	4120001;4120002;4120003	22;17;12	1
129	6	4	301	0	44	4120001;4120002;4120003	25;20;15	1
130	6	5	101	0	16	4120001;4120002;4120003	27;22;17	1
131	6	6	201	0	16	4120001;4120002;4120003	30;25;20	1
132	6	7	301	0	44	4120001;4120002;4120003	32;27;22	1
133	6	8	101	0	16	4120001;4120002;4120003	35;30;25	1
134	6	9	201	0	16	4120001;4120002;4120003	37;32;27	1
135	6	10	301	0	40	4120001;4120002;4120003	40;35;30	1
136	6	11	101	0	16	4120001;4120002;4120003	42;37;32	1
137	6	12	201	0	16	4120001;4120002;4120003	45;40;35	1
138	6	13	301	0	40	4120001;4120002;4120003	47;42;37	1
139	6	14	101	0	16	4120001;4120002;4120003	50;45;40	1
140	6	15	201	0	16	4120001;4120002;4120003	52;47;42	1
141	6	16	301	0	40	4120001;4120002;4120003;4120004	55;50;45;20	1
142	6	17	101	0	16	4120001;4120002;4120003;4120004	57;52;47;25	1
143	6	18	201	0	16	4120001;4120002;4120003;4120004	60;55;50;30	1
144	6	19	301	0	40	4120001;4120002;4120003;4120004	62;57;52;35	1
145	6	20	101;201;301	0	12;8;32	4120001;4120002;4120003;4120004	65;60;55;40	1
146	6	21	101;201;301	0	12;8;32	4120001;4120002;4120003;4120004	130;120;110;80	1
147	6	22	101;201;301	0	12;8;32	4120001;4120002;4120003;4120004	195;180;165;120	1
148	6	23	101;201;301	0	12;8;32	4120001;4120002;4120003;4120004	260;240;220;160	1
149	6	24	101;201;301	0	12;8;32	4120001;4120002;4120003;4120004	325;300;275;200	1
150	6	25	101;201;301	0	12;8;32	4120001;4120002;4120003;4120004	390;360;330;240	1
151	7	1	101;201;301	0	16;4;40			1
152	7	2	101	0	16	4120001;4120002;4120003	20;15;10	1
153	7	3	201	0	16	4120001;4120002;4120003	22;17;12	1
154	7	4	301	0	44	4120001;4120002;4120003	25;20;15	1
155	7	5	101	0	16	4120001;4120002;4120003	27;22;17	1
156	7	6	201	0	16	4120001;4120002;4120003	30;25;20	1
157	7	7	301	0	44	4120001;4120002;4120003	32;27;22	1
158	7	8	101	0	16	4120001;4120002;4120003	35;30;25	1
159	7	9	201	0	16	4120001;4120002;4120003	37;32;27	1
160	7	10	301	0	40	4120001;4120002;4120003	40;35;30	1
161	7	11	101	0	16	4120001;4120002;4120003	42;37;32	1
162	7	12	201	0	16	4120001;4120002;4120003	45;40;35	1
163	7	13	301	0	40	4120001;4120002;4120003	47;42;37	1
164	7	14	101	0	16	4120001;4120002;4120003	50;45;40	1
165	7	15	201	0	16	4120001;4120002;4120003	52;47;42	1
166	7	16	301	0	40	4120001;4120002;4120003;4120004	55;50;45;20	1
167	7	17	101	0	16	4120001;4120002;4120003;4120004	57;52;47;25	1
168	7	18	201	0	16	4120001;4120002;4120003;4120004	60;55;50;30	1
169	7	19	301	0	40	4120001;4120002;4120003;4120004	62;57;52;35	1
170	7	20	101;201;301	0	12;8;32	4120001;4120002;4120003;4120004	65;60;55;40	1
171	7	21	101;201;301	0	12;8;32	4120001;4120002;4120003;4120004	130;120;110;80	1
172	7	22	101;201;301	0	12;8;32	4120001;4120002;4120003;4120004	195;180;165;120	1
173	7	23	101;201;301	0	12;8;32	4120001;4120002;4120003;4120004	260;240;220;160	1
174	7	24	101;201;301	0	12;8;32	4120001;4120002;4120003;4120004	325;300;275;200	1
175	7	25	101;201;301	0	12;8;32	4120001;4120002;4120003;4120004	390;360;330;240	1
176	8	1	101;201;301	0	16;4;40			1
177	8	2	101	0	16	4120001;4120002;4120003	20;15;10	1
178	8	3	201	0	16	4120001;4120002;4120003	22;17;12	1
179	8	4	301	0	44	4120001;4120002;4120003	25;20;15	1
180	8	5	101	0	16	4120001;4120002;4120003	27;22;17	1
181	8	6	201	0	16	4120001;4120002;4120003	30;25;20	1
182	8	7	301	0	44	4120001;4120002;4120003	32;27;22	1
183	8	8	101	0	16	4120001;4120002;4120003	35;30;25	1
184	8	9	201	0	16	4120001;4120002;4120003	37;32;27	1
185	8	10	301	0	40	4120001;4120002;4120003	40;35;30	1
186	8	11	101	0	16	4120001;4120002;4120003	42;37;32	1
187	8	12	201	0	16	4120001;4120002;4120003	45;40;35	1
188	8	13	301	0	40	4120001;4120002;4120003	47;42;37	1
189	8	14	101	0	16	4120001;4120002;4120003	50;45;40	1
190	8	15	201	0	16	4120001;4120002;4120003	52;47;42	1
191	8	16	301	0	40	4120001;4120002;4120003;4120004	55;50;45;20	1
192	8	17	101	0	16	4120001;4120002;4120003;4120004	57;52;47;25	1
193	8	18	201	0	16	4120001;4120002;4120003;4120004	60;55;50;30	1
194	8	19	301	0	40	4120001;4120002;4120003;4120004	62;57;52;35	1
195	8	20	101;201;301	0	12;8;32	4120001;4120002;4120003;4120004	65;60;55;40	1
196	8	21	101;201;301	0	12;8;32	4120001;4120002;4120003;4120004	130;120;110;80	1
197	8	22	101;201;301	0	12;8;32	4120001;4120002;4120003;4120004	195;180;165;120	1
198	8	23	101;201;301	0	12;8;32	4120001;4120002;4120003;4120004	260;240;220;160	1
199	8	24	101;201;301	0	12;8;32	4120001;4120002;4120003;4120004	325;300;275;200	1
200	8	25	101;201;301	0	12;8;32	4120001;4120002;4120003;4120004	390;360;330;240	1
201	9	1	101;201;301	0	16;4;40			1
202	9	2	101	0	16	4120001;4120002;4120003	20;15;10	1
203	9	3	201	0	16	4120001;4120002;4120003	22;17;12	1
204	9	4	301	0	44	4120001;4120002;4120003	25;20;15	1
205	9	5	101	0	16	4120001;4120002;4120003	27;22;17	1
206	9	6	201	0	16	4120001;4120002;4120003	30;25;20	1
207	9	7	301	0	44	4120001;4120002;4120003	32;27;22	1
208	9	8	101	0	16	4120001;4120002;4120003	35;30;25	1
209	9	9	201	0	16	4120001;4120002;4120003	37;32;27	1
210	9	10	301	0	40	4120001;4120002;4120003	40;35;30	1
211	9	11	101	0	16	4120001;4120002;4120003	42;37;32	1
212	9	12	201	0	16	4120001;4120002;4120003	45;40;35	1
213	9	13	301	0	40	4120001;4120002;4120003	47;42;37	1
214	9	14	101	0	16	4120001;4120002;4120003	50;45;40	1
215	9	15	201	0	16	4120001;4120002;4120003	52;47;42	1
216	9	16	301	0	40	4120001;4120002;4120003;4120004	55;50;45;20	1
217	9	17	101	0	16	4120001;4120002;4120003;4120004	57;52;47;25	1
218	9	18	201	0	16	4120001;4120002;4120003;4120004	60;55;50;30	1
219	9	19	301	0	40	4120001;4120002;4120003;4120004	62;57;52;35	1
220	9	20	101;201;301	0	12;8;32	4120001;4120002;4120003;4120004	65;60;55;40	1
221	9	21	101;201;301	0	12;8;32	4120001;4120002;4120003;4120004	130;120;110;80	1
222	9	22	101;201;301	0	12;8;32	4120001;4120002;4120003;4120004	195;180;165;120	1
223	9	23	101;201;301	0	12;8;32	4120001;4120002;4120003;4120004	260;240;220;160	1
224	9	24	101;201;301	0	12;8;32	4120001;4120002;4120003;4120004	325;300;275;200	1
225	9	25	101;201;301	0	12;8;32	4120001;4120002;4120003;4120004	390;360;330;240	1
226	10	1	101;201;301	0	24;12;72			1
227	10	2	101	0	24	4120001;4120002;4120003	20;15;10	1
228	10	3	201	0	24	4120001;4120002;4120003	22;17;12	1
229	10	4	301	0	64	4120001;4120002;4120003	25;20;15	1
230	10	5	101	0	24	4120001;4120002;4120003	27;22;17	1
231	10	6	201	0	24	4120001;4120002;4120003	30;25;20	1
232	10	7	301	0	64	4120001;4120002;4120003	32;27;22	1
233	10	8	101	0	24	4120001;4120002;4120003	35;30;25	1
234	10	9	201	0	24	4120001;4120002;4120003	37;32;27	1
235	10	10	301	0	64	4120001;4120002;4120003	40;35;30	1
236	10	11	101	0	24	4120001;4120002;4120003	42;37;32	1
237	10	12	201	0	24	4120001;4120002;4120003	45;40;35	1
238	10	13	301	0	64	4120001;4120002;4120003	47;42;37	1
239	10	14	101	0	24	4120001;4120002;4120003	50;45;40	1
240	10	15	201	0	24	4120001;4120002;4120003	52;47;42	1
241	10	16	301	0	64	4120001;4120002;4120003;4120004	55;50;45;20	1
242	10	17	101	0	24	4120001;4120002;4120003;4120004	57;52;47;25	1
243	10	18	201	0	24	4120001;4120002;4120003;4120004	60;55;50;30	1
244	10	19	301	0	64	4120001;4120002;4120003;4120004	62;57;52;35	1
245	10	20	101;201;301	0	24;24;64	4120001;4120002;4120003;4120004	65;60;55;40	1
246	10	21	101;201;301	0	24;24;64	4120001;4120002;4120003;4120004	130;120;110;80	1
247	10	22	101;201;301	0	24;24;64	4120001;4120002;4120003;4120004	195;180;165;120	1
248	10	23	101;201;301	0	24;24;64	4120001;4120002;4120003;4120004	260;240;220;160	1
249	10	24	101;201;301	0	24;24;64	4120001;4120002;4120003;4120004	325;300;275;200	1
250	10	25	101;201;301	0	24;24;64	4120001;4120002;4120003;4120004	390;360;330;240	1
251	11	1	101;201;301	0	24;12;72			1
252	11	2	101	0	24	4120001;4120002;4120003	20;15;10	1
253	11	3	201	0	24	4120001;4120002;4120003	22;17;12	1
254	11	4	301	0	64	4120001;4120002;4120003	25;20;15	1
255	11	5	101	0	24	4120001;4120002;4120003	27;22;17	1
256	11	6	201	0	24	4120001;4120002;4120003	30;25;20	1
257	11	7	301	0	64	4120001;4120002;4120003	32;27;22	1
258	11	8	101	0	24	4120001;4120002;4120003	35;30;25	1
259	11	9	201	0	24	4120001;4120002;4120003	37;32;27	1
260	11	10	301	0	64	4120001;4120002;4120003	40;35;30	1
261	11	11	101	0	24	4120001;4120002;4120003	42;37;32	1
262	11	12	201	0	24	4120001;4120002;4120003	45;40;35	1
263	11	13	301	0	64	4120001;4120002;4120003	47;42;37	1
264	11	14	101	0	24	4120001;4120002;4120003	50;45;40	1
265	11	15	201	0	24	4120001;4120002;4120003	52;47;42	1
266	11	16	301	0	64	4120001;4120002;4120003;4120004	55;50;45;20	1
267	11	17	101	0	24	4120001;4120002;4120003;4120004	57;52;47;25	1
268	11	18	201	0	24	4120001;4120002;4120003;4120004	60;55;50;30	1
269	11	19	301	0	64	4120001;4120002;4120003;4120004	62;57;52;35	1
270	11	20	101;201;301	0	24;24;64	4120001;4120002;4120003;4120004	65;60;55;40	1
271	11	21	101;201;301	0	24;24;64	4120001;4120002;4120003;4120004	130;120;110;80	1
272	11	22	101;201;301	0	24;24;64	4120001;4120002;4120003;4120004	195;180;165;120	1
273	11	23	101;201;301	0	24;24;64	4120001;4120002;4120003;4120004	260;240;220;160	1
274	11	24	101;201;301	0	24;24;64	4120001;4120002;4120003;4120004	325;300;275;200	1
275	11	25	101;201;301	0	24;24;64	4120001;4120002;4120003;4120004	390;360;330;240	1
276	12	1	101;201;301	0	24;12;72			1
277	12	2	101	0	24	4120001;4120002;4120003	20;15;10	1
278	12	3	201	0	24	4120001;4120002;4120003	22;17;12	1
279	12	4	301	0	64	4120001;4120002;4120003	25;20;15	1
280	12	5	101	0	24	4120001;4120002;4120003	27;22;17	1
281	12	6	201	0	24	4120001;4120002;4120003	30;25;20	1
282	12	7	301	0	64	4120001;4120002;4120003	32;27;22	1
283	12	8	101	0	24	4120001;4120002;4120003	35;30;25	1
284	12	9	201	0	24	4120001;4120002;4120003	37;32;27	1
285	12	10	301	0	64	4120001;4120002;4120003	40;35;30	1
286	12	11	101	0	24	4120001;4120002;4120003	42;37;32	1
287	12	12	201	0	24	4120001;4120002;4120003	45;40;35	1
288	12	13	301	0	64	4120001;4120002;4120003	47;42;37	1
289	12	14	101	0	24	4120001;4120002;4120003	50;45;40	1
290	12	15	201	0	24	4120001;4120002;4120003	52;47;42	1
291	12	16	301	0	64	4120001;4120002;4120003;4120004	55;50;45;20	1
292	12	17	101	0	24	4120001;4120002;4120003;4120004	57;52;47;25	1
293	12	18	201	0	24	4120001;4120002;4120003;4120004	60;55;50;30	1
294	12	19	301	0	64	4120001;4120002;4120003;4120004	62;57;52;35	1
295	12	20	101;201;301	0	24;24;64	4120001;4120002;4120003;4120004	65;60;55;40	1
296	12	21	101;201;301	0	24;24;64	4120001;4120002;4120003;4120004	130;120;110;80	1
297	12	22	101;201;301	0	24;24;64	4120001;4120002;4120003;4120004	195;180;165;120	1
298	12	23	101;201;301	0	24;24;64	4120001;4120002;4120003;4120004	260;240;220;160	1
299	12	24	101;201;301	0	24;24;64	4120001;4120002;4120003;4120004	325;300;275;200	1
300	12	25	101;201;301	0	24;24;64	4120001;4120002;4120003;4120004	390;360;330;240	1
301	13	1	101;201;301	0	24;12;72			1
302	13	2	101	0	24	4120001;4120002;4120003	20;15;10	1
303	13	3	201	0	24	4120001;4120002;4120003	22;17;12	1
304	13	4	301	0	64	4120001;4120002;4120003	25;20;15	1
305	13	5	101	0	24	4120001;4120002;4120003	27;22;17	1
306	13	6	201	0	24	4120001;4120002;4120003	30;25;20	1
307	13	7	301	0	64	4120001;4120002;4120003	32;27;22	1
308	13	8	101	0	24	4120001;4120002;4120003	35;30;25	1
309	13	9	201	0	24	4120001;4120002;4120003	37;32;27	1
310	13	10	301	0	64	4120001;4120002;4120003	40;35;30	1
311	13	11	101	0	24	4120001;4120002;4120003	42;37;32	1
312	13	12	201	0	24	4120001;4120002;4120003	45;40;35	1
313	13	13	301	0	64	4120001;4120002;4120003	47;42;37	1
314	13	14	101	0	24	4120001;4120002;4120003	50;45;40	1
315	13	15	201	0	24	4120001;4120002;4120003	52;47;42	1
316	13	16	301	0	64	4120001;4120002;4120003;4120004	55;50;45;20	1
317	13	17	101	0	24	4120001;4120002;4120003;4120004	57;52;47;25	1
318	13	18	201	0	24	4120001;4120002;4120003;4120004	60;55;50;30	1
319	13	19	301	0	64	4120001;4120002;4120003;4120004	62;57;52;35	1
320	13	20	101;201;301	0	24;24;64	4120001;4120002;4120003;4120004	65;60;55;40	1
321	13	21	101;201;301	0	24;24;64	4120001;4120002;4120003;4120004	130;120;110;80	1
322	13	22	101;201;301	0	24;24;64	4120001;4120002;4120003;4120004	195;180;165;120	1
323	13	23	101;201;301	0	24;24;64	4120001;4120002;4120003;4120004	260;240;220;160	1
324	13	24	101;201;301	0	24;24;64	4120001;4120002;4120003;4120004	325;300;275;200	1
325	13	25	101;201;301	0	24;24;64	4120001;4120002;4120003;4120004	390;360;330;240	1
326	14	1	101;201;301	0	24;12;72			1
327	14	2	101	0	24	4120001;4120002;4120003	20;15;10	1
328	14	3	201	0	24	4120001;4120002;4120003	22;17;12	1
329	14	4	301	0	64	4120001;4120002;4120003	25;20;15	1
330	14	5	101	0	24	4120001;4120002;4120003	27;22;17	1
331	14	6	201	0	24	4120001;4120002;4120003	30;25;20	1
332	14	7	301	0	64	4120001;4120002;4120003	32;27;22	1
333	14	8	101	0	24	4120001;4120002;4120003	35;30;25	1
334	14	9	201	0	24	4120001;4120002;4120003	37;32;27	1
335	14	10	301	0	64	4120001;4120002;4120003	40;35;30	1
336	14	11	101	0	24	4120001;4120002;4120003	42;37;32	1
337	14	12	201	0	24	4120001;4120002;4120003	45;40;35	1
338	14	13	301	0	64	4120001;4120002;4120003	47;42;37	1
339	14	14	101	0	24	4120001;4120002;4120003	50;45;40	1
340	14	15	201	0	24	4120001;4120002;4120003	52;47;42	1
341	14	16	301	0	64	4120001;4120002;4120003;4120004	55;50;45;20	1
342	14	17	101	0	24	4120001;4120002;4120003;4120004	57;52;47;25	1
343	14	18	201	0	24	4120001;4120002;4120003;4120004	60;55;50;30	1
344	14	19	301	0	64	4120001;4120002;4120003;4120004	62;57;52;35	1
345	14	20	101;201;301	0	24;24;64	4120001;4120002;4120003;4120004	65;60;55;40	1
346	14	21	101;201;301	0	24;24;64	4120001;4120002;4120003;4120004	130;120;110;80	1
347	14	22	101;201;301	0	24;24;64	4120001;4120002;4120003;4120004	195;180;165;120	1
348	14	23	101;201;301	0	24;24;64	4120001;4120002;4120003;4120004	260;240;220;160	1
349	14	24	101;201;301	0	24;24;64	4120001;4120002;4120003;4120004	325;300;275;200	1
350	14	25	101;201;301	0	24;24;64	4120001;4120002;4120003;4120004	390;360;330;240	1
351	15	1	101;201;301	0	24;12;72			1
352	15	2	101	0	24	4120001;4120002;4120003	20;15;10	1
353	15	3	201	0	24	4120001;4120002;4120003	22;17;12	1
354	15	4	301	0	64	4120001;4120002;4120003	25;20;15	1
355	15	5	101	0	24	4120001;4120002;4120003	27;22;17	1
356	15	6	201	0	24	4120001;4120002;4120003	30;25;20	1
357	15	7	301	0	64	4120001;4120002;4120003	32;27;22	1
358	15	8	101	0	24	4120001;4120002;4120003	35;30;25	1
359	15	9	201	0	24	4120001;4120002;4120003	37;32;27	1
360	15	10	301	0	64	4120001;4120002;4120003	40;35;30	1
361	15	11	101	0	24	4120001;4120002;4120003	42;37;32	1
362	15	12	201	0	24	4120001;4120002;4120003	45;40;35	1
363	15	13	301	0	64	4120001;4120002;4120003	47;42;37	1
364	15	14	101	0	24	4120001;4120002;4120003	50;45;40	1
365	15	15	201	0	24	4120001;4120002;4120003	52;47;42	1
366	15	16	301	0	64	4120001;4120002;4120003;4120004	55;50;45;20	1
367	15	17	101	0	24	4120001;4120002;4120003;4120004	57;52;47;25	1
368	15	18	201	0	24	4120001;4120002;4120003;4120004	60;55;50;30	1
369	15	19	301	0	64	4120001;4120002;4120003;4120004	62;57;52;35	1
370	15	20	101;201;301	0	24;24;64	4120001;4120002;4120003;4120004	65;60;55;40	1
371	15	21	101;201;301	0	24;24;64	4120001;4120002;4120003;4120004	130;120;110;80	1
372	15	22	101;201;301	0	24;24;64	4120001;4120002;4120003;4120004	195;180;165;120	1
373	15	23	101;201;301	0	24;24;64	4120001;4120002;4120003;4120004	260;240;220;160	1
374	15	24	101;201;301	0	24;24;64	4120001;4120002;4120003;4120004	325;300;275;200	1
375	15	25	101;201;301	0	24;24;64	4120001;4120002;4120003;4120004	390;360;330;240	1
376	16	1	101;201;301	0	24;12;72			1
377	16	2	101	0	24	4120001;4120002;4120003	20;15;10	1
378	16	3	201	0	24	4120001;4120002;4120003	22;17;12	1
379	16	4	301	0	64	4120001;4120002;4120003	25;20;15	1
380	16	5	101	0	24	4120001;4120002;4120003	27;22;17	1
381	16	6	201	0	24	4120001;4120002;4120003	30;25;20	1
382	16	7	301	0	64	4120001;4120002;4120003	32;27;22	1
383	16	8	101	0	24	4120001;4120002;4120003	35;30;25	1
384	16	9	201	0	24	4120001;4120002;4120003	37;32;27	1
385	16	10	301	0	64	4120001;4120002;4120003	40;35;30	1
386	16	11	101	0	24	4120001;4120002;4120003	42;37;32	1
387	16	12	201	0	24	4120001;4120002;4120003	45;40;35	1
388	16	13	301	0	64	4120001;4120002;4120003	47;42;37	1
389	16	14	101	0	24	4120001;4120002;4120003	50;45;40	1
390	16	15	201	0	24	4120001;4120002;4120003	52;47;42	1
391	16	16	301	0	64	4120001;4120002;4120003;4120004	55;50;45;20	1
392	16	17	101	0	24	4120001;4120002;4120003;4120004	57;52;47;25	1
393	16	18	201	0	24	4120001;4120002;4120003;4120004	60;55;50;30	1
394	16	19	301	0	64	4120001;4120002;4120003;4120004	62;57;52;35	1
395	16	20	101;201;301	0	24;24;64	4120001;4120002;4120003;4120004	65;60;55;40	1
396	16	21	101;201;301	0	24;24;64	4120001;4120002;4120003;4120004	130;120;110;80	1
397	16	22	101;201;301	0	24;24;64	4120001;4120002;4120003;4120004	195;180;165;120	1
398	16	23	101;201;301	0	24;24;64	4120001;4120002;4120003;4120004	260;240;220;160	1
399	16	24	101;201;301	0	24;24;64	4120001;4120002;4120003;4120004	325;300;275;200	1
400	16	25	101;201;301	0	24;24;64	4120001;4120002;4120003;4120004	390;360;330;240	1
401	17	1	101;201;301	0	24;12;72			1
402	17	2	101	0	24	4120001;4120002;4120003	20;15;10	1
403	17	3	201	0	24	4120001;4120002;4120003	22;17;12	1
404	17	4	301	0	64	4120001;4120002;4120003	25;20;15	1
405	17	5	101	0	24	4120001;4120002;4120003	27;22;17	1
406	17	6	201	0	24	4120001;4120002;4120003	30;25;20	1
407	17	7	301	0	64	4120001;4120002;4120003	32;27;22	1
408	17	8	101	0	24	4120001;4120002;4120003	35;30;25	1
409	17	9	201	0	24	4120001;4120002;4120003	37;32;27	1
410	17	10	301	0	64	4120001;4120002;4120003	40;35;30	1
411	17	11	101	0	24	4120001;4120002;4120003	42;37;32	1
412	17	12	201	0	24	4120001;4120002;4120003	45;40;35	1
413	17	13	301	0	64	4120001;4120002;4120003	47;42;37	1
414	17	14	101	0	24	4120001;4120002;4120003	50;45;40	1
415	17	15	201	0	24	4120001;4120002;4120003	52;47;42	1
416	17	16	301	0	64	4120001;4120002;4120003;4120004	55;50;45;20	1
417	17	17	101	0	24	4120001;4120002;4120003;4120004	57;52;47;25	1
418	17	18	201	0	24	4120001;4120002;4120003;4120004	60;55;50;30	1
419	17	19	301	0	64	4120001;4120002;4120003;4120004	62;57;52;35	1
420	17	20	101;201;301	0	24;24;64	4120001;4120002;4120003;4120004	65;60;55;40	1
421	17	21	101;201;301	0	24;24;64	4120001;4120002;4120003;4120004	130;120;110;80	1
422	17	22	101;201;301	0	24;24;64	4120001;4120002;4120003;4120004	195;180;165;120	1
423	17	23	101;201;301	0	24;24;64	4120001;4120002;4120003;4120004	260;240;220;160	1
424	17	24	101;201;301	0	24;24;64	4120001;4120002;4120003;4120004	325;300;275;200	1
425	17	25	101;201;301	0	24;24;64	4120001;4120002;4120003;4120004	390;360;330;240	1
426	18	1	101;201;301	0	24;12;72			1
427	18	2	101	0	24	4120001;4120002;4120003	20;15;10	1
428	18	3	201	0	24	4120001;4120002;4120003	22;17;12	1
429	18	4	301	0	64	4120001;4120002;4120003	25;20;15	1
430	18	5	101	0	24	4120001;4120002;4120003	27;22;17	1
431	18	6	201	0	24	4120001;4120002;4120003	30;25;20	1
432	18	7	301	0	64	4120001;4120002;4120003	32;27;22	1
433	18	8	101	0	24	4120001;4120002;4120003	35;30;25	1
434	18	9	201	0	24	4120001;4120002;4120003	37;32;27	1
435	18	10	301	0	64	4120001;4120002;4120003	40;35;30	1
436	18	11	101	0	24	4120001;4120002;4120003	42;37;32	1
437	18	12	201	0	24	4120001;4120002;4120003	45;40;35	1
438	18	13	301	0	64	4120001;4120002;4120003	47;42;37	1
439	18	14	101	0	24	4120001;4120002;4120003	50;45;40	1
440	18	15	201	0	24	4120001;4120002;4120003	52;47;42	1
441	18	16	301	0	64	4120001;4120002;4120003;4120004	55;50;45;20	1
442	18	17	101	0	24	4120001;4120002;4120003;4120004	57;52;47;25	1
443	18	18	201	0	24	4120001;4120002;4120003;4120004	60;55;50;30	1
444	18	19	301	0	64	4120001;4120002;4120003;4120004	62;57;52;35	1
445	18	20	101;201;301	0	24;24;64	4120001;4120002;4120003;4120004	65;60;55;40	1
446	18	21	101;201;301	0	24;24;64	4120001;4120002;4120003;4120004	130;120;110;80	1
447	18	22	101;201;301	0	24;24;64	4120001;4120002;4120003;4120004	195;180;165;120	1
448	18	23	101;201;301	0	24;24;64	4120001;4120002;4120003;4120004	260;240;220;160	1
449	18	24	101;201;301	0	24;24;64	4120001;4120002;4120003;4120004	325;300;275;200	1
450	18	25	101;201;301	0	24;24;64	4120001;4120002;4120003;4120004	390;360;330;240	1
451	19	1	101;201;301	0	24;12;72			1
452	19	2	101	0	24	4120001;4120002;4120003	20;15;10	1
453	19	3	201	0	24	4120001;4120002;4120003	22;17;12	1
454	19	4	301	0	64	4120001;4120002;4120003	25;20;15	1
455	19	5	101	0	24	4120001;4120002;4120003	27;22;17	1
456	19	6	201	0	24	4120001;4120002;4120003	30;25;20	1
457	19	7	301	0	64	4120001;4120002;4120003	32;27;22	1
458	19	8	101	0	24	4120001;4120002;4120003	35;30;25	1
459	19	9	201	0	24	4120001;4120002;4120003	37;32;27	1
460	19	10	301	0	64	4120001;4120002;4120003	40;35;30	1
461	19	11	101	0	24	4120001;4120002;4120003	42;37;32	1
462	19	12	201	0	24	4120001;4120002;4120003	45;40;35	1
463	19	13	301	0	64	4120001;4120002;4120003	47;42;37	1
464	19	14	101	0	24	4120001;4120002;4120003	50;45;40	1
465	19	15	201	0	24	4120001;4120002;4120003	52;47;42	1
466	19	16	301	0	64	4120001;4120002;4120003;4120004	55;50;45;20	1
467	19	17	101	0	24	4120001;4120002;4120003;4120004	57;52;47;25	1
468	19	18	201	0	24	4120001;4120002;4120003;4120004	60;55;50;30	1
469	19	19	301	0	64	4120001;4120002;4120003;4120004	62;57;52;35	1
470	19	20	101;201;301	0	24;24;64	4120001;4120002;4120003;4120004	65;60;55;40	1
471	19	21	101;201;301	0	24;24;64	4120001;4120002;4120003;4120004	130;120;110;80	1
472	19	22	101;201;301	0	24;24;64	4120001;4120002;4120003;4120004	195;180;165;120	1
473	19	23	101;201;301	0	24;24;64	4120001;4120002;4120003;4120004	260;240;220;160	1
474	19	24	101;201;301	0	24;24;64	4120001;4120002;4120003;4120004	325;300;275;200	1
475	19	25	101;201;301	0	24;24;64	4120001;4120002;4120003;4120004	390;360;330;240	1
476	20	1	101;201;301	0	24;12;72			1
477	20	2	101	0	24	4120001;4120002;4120003	20;15;10	1
478	20	3	201	0	24	4120001;4120002;4120003	22;17;12	1
479	20	4	301	0	64	4120001;4120002;4120003	25;20;15	1
480	20	5	101	0	24	4120001;4120002;4120003	27;22;17	1
481	20	6	201	0	24	4120001;4120002;4120003	30;25;20	1
482	20	7	301	0	64	4120001;4120002;4120003	32;27;22	1
483	20	8	101	0	24	4120001;4120002;4120003	35;30;25	1
484	20	9	201	0	24	4120001;4120002;4120003	37;32;27	1
485	20	10	301	0	64	4120001;4120002;4120003	40;35;30	1
486	20	11	101	0	24	4120001;4120002;4120003	42;37;32	1
487	20	12	201	0	24	4120001;4120002;4120003	45;40;35	1
488	20	13	301	0	64	4120001;4120002;4120003	47;42;37	1
489	20	14	101	0	24	4120001;4120002;4120003	50;45;40	1
490	20	15	201	0	24	4120001;4120002;4120003	52;47;42	1
491	20	16	301	0	64	4120001;4120002;4120003;4120004	55;50;45;20	1
492	20	17	101	0	24	4120001;4120002;4120003;4120004	57;52;47;25	1
493	20	18	201	0	24	4120001;4120002;4120003;4120004	60;55;50;30	1
494	20	19	301	0	64	4120001;4120002;4120003;4120004	62;57;52;35	1
495	20	20	101;201;301	0	24;24;64	4120001;4120002;4120003;4120004	65;60;55;40	1
496	20	21	101;201;301	0	24;24;64	4120001;4120002;4120003;4120004	130;120;110;80	1
497	20	22	101;201;301	0	24;24;64	4120001;4120002;4120003;4120004	195;180;165;120	1
498	20	23	101;201;301	0	24;24;64	4120001;4120002;4120003;4120004	260;240;220;160	1
499	20	24	101;201;301	0	24;24;64	4120001;4120002;4120003;4120004	325;300;275;200	1
500	20	25	101;201;301	0	24;24;64	4120001;4120002;4120003;4120004	390;360;330;240	1
501	21	1	101;201;301	0	24;12;72			1
502	21	2	101	0	24	4120001;4120002;4120003	20;15;10	1
503	21	3	201	0	24	4120001;4120002;4120003	22;17;12	1
504	21	4	301	0	64	4120001;4120002;4120003	25;20;15	1
505	21	5	101	0	24	4120001;4120002;4120003	27;22;17	1
506	21	6	201	0	24	4120001;4120002;4120003	30;25;20	1
507	21	7	301	0	64	4120001;4120002;4120003	32;27;22	1
508	21	8	101	0	24	4120001;4120002;4120003	35;30;25	1
509	21	9	201	0	24	4120001;4120002;4120003	37;32;27	1
510	21	10	301	0	64	4120001;4120002;4120003	40;35;30	1
511	21	11	101	0	24	4120001;4120002;4120003	42;37;32	1
512	21	12	201	0	24	4120001;4120002;4120003	45;40;35	1
513	21	13	301	0	64	4120001;4120002;4120003	47;42;37	1
514	21	14	101	0	24	4120001;4120002;4120003	50;45;40	1
515	21	15	201	0	24	4120001;4120002;4120003	52;47;42	1
516	21	16	301	0	64	4120001;4120002;4120003;4120004	55;50;45;20	1
517	21	17	101	0	24	4120001;4120002;4120003;4120004	57;52;47;25	1
518	21	18	201	0	24	4120001;4120002;4120003;4120004	60;55;50;30	1
519	21	19	301	0	64	4120001;4120002;4120003;4120004	62;57;52;35	1
520	21	20	101;201;301	0	24;24;64	4120001;4120002;4120003;4120004	65;60;55;40	1
521	21	21	101;201;301	0	24;24;64	4120001;4120002;4120003;4120004	130;120;110;80	1
522	21	22	101;201;301	0	24;24;64	4120001;4120002;4120003;4120004	195;180;165;120	1
523	21	23	101;201;301	0	24;24;64	4120001;4120002;4120003;4120004	260;240;220;160	1
524	21	24	101;201;301	0	24;24;64	4120001;4120002;4120003;4120004	325;300;275;200	1
525	21	25	101;201;301	0	24;24;64	4120001;4120002;4120003;4120004	390;360;330;240	1
526	22	1	101;201;301	0	24;12;72			1
527	22	2	101	0	24	4120001;4120002;4120003	20;15;10	1
528	22	3	201	0	24	4120001;4120002;4120003	22;17;12	1
529	22	4	301	0	64	4120001;4120002;4120003	25;20;15	1
530	22	5	101	0	24	4120001;4120002;4120003	27;22;17	1
531	22	6	201	0	24	4120001;4120002;4120003	30;25;20	1
532	22	7	301	0	64	4120001;4120002;4120003	32;27;22	1
533	22	8	101	0	24	4120001;4120002;4120003	35;30;25	1
534	22	9	201	0	24	4120001;4120002;4120003	37;32;27	1
535	22	10	301	0	64	4120001;4120002;4120003	40;35;30	1
536	22	11	101	0	24	4120001;4120002;4120003	42;37;32	1
537	22	12	201	0	24	4120001;4120002;4120003	45;40;35	1
538	22	13	301	0	64	4120001;4120002;4120003	47;42;37	1
539	22	14	101	0	24	4120001;4120002;4120003	50;45;40	1
540	22	15	201	0	24	4120001;4120002;4120003	52;47;42	1
541	22	16	301	0	64	4120001;4120002;4120003;4120004	55;50;45;20	1
542	22	17	101	0	24	4120001;4120002;4120003;4120004	57;52;47;25	1
543	22	18	201	0	24	4120001;4120002;4120003;4120004	60;55;50;30	1
544	22	19	301	0	64	4120001;4120002;4120003;4120004	62;57;52;35	1
545	22	20	101;201;301	0	24;24;64	4120001;4120002;4120003;4120004	65;60;55;40	1
546	22	21	101;201;301	0	24;24;64	4120001;4120002;4120003;4120004	130;120;110;80	1
547	22	22	101;201;301	0	24;24;64	4120001;4120002;4120003;4120004	195;180;165;120	1
548	22	23	101;201;301	0	24;24;64	4120001;4120002;4120003;4120004	260;240;220;160	1
549	22	24	101;201;301	0	24;24;64	4120001;4120002;4120003;4120004	325;300;275;200	1
550	22	25	101;201;301	0	24;24;64	4120001;4120002;4120003;4120004	390;360;330;240	1
551	23	1	101;201;301	0	24;12;72			1
552	23	2	101	0	24	4120001;4120002;4120003	20;15;10	1
553	23	3	201	0	24	4120001;4120002;4120003	22;17;12	1
554	23	4	301	0	64	4120001;4120002;4120003	25;20;15	1
555	23	5	101	0	24	4120001;4120002;4120003	27;22;17	1
556	23	6	201	0	24	4120001;4120002;4120003	30;25;20	1
557	23	7	301	0	64	4120001;4120002;4120003	32;27;22	1
558	23	8	101	0	24	4120001;4120002;4120003	35;30;25	1
559	23	9	201	0	24	4120001;4120002;4120003	37;32;27	1
560	23	10	301	0	64	4120001;4120002;4120003	40;35;30	1
561	23	11	101	0	24	4120001;4120002;4120003	42;37;32	1
562	23	12	201	0	24	4120001;4120002;4120003	45;40;35	1
563	23	13	301	0	64	4120001;4120002;4120003	47;42;37	1
564	23	14	101	0	24	4120001;4120002;4120003	50;45;40	1
565	23	15	201	0	24	4120001;4120002;4120003	52;47;42	1
566	23	16	301	0	64	4120001;4120002;4120003;4120004	55;50;45;20	1
567	23	17	101	0	24	4120001;4120002;4120003;4120004	57;52;47;25	1
568	23	18	201	0	24	4120001;4120002;4120003;4120004	60;55;50;30	1
569	23	19	301	0	64	4120001;4120002;4120003;4120004	62;57;52;35	1
570	23	20	101;201;301	0	24;24;64	4120001;4120002;4120003;4120004	65;60;55;40	1
571	23	21	101;201;301	0	24;24;64	4120001;4120002;4120003;4120004	130;120;110;80	1
572	23	22	101;201;301	0	24;24;64	4120001;4120002;4120003;4120004	195;180;165;120	1
573	23	23	101;201;301	0	24;24;64	4120001;4120002;4120003;4120004	260;240;220;160	1
574	23	24	101;201;301	0	24;24;64	4120001;4120002;4120003;4120004	325;300;275;200	1
575	23	25	101;201;301	0	24;24;64	4120001;4120002;4120003;4120004	390;360;330;240	1
576	201	1	101;201;301	0	12;4;40			1
577	201	2	101	0	12	4120001;4120002;4120003	20;15;10	1
578	201	3	201	0	12	4120001;4120002;4120003	22;17;12	1
579	201	4	301	0	28	4120001;4120002;4120003	25;20;15	1
580	201	5	101	0	12	4120001;4120002;4120003	27;22;17	1
581	201	6	201	0	12	4120001;4120002;4120003	30;25;20	1
582	201	7	301	0	28	4120001;4120002;4120003	32;27;22	1
583	201	8	101	0	12	4120001;4120002;4120003	35;30;25	1
584	201	9	201	0	12	4120001;4120002;4120003	37;32;27	1
585	201	10	301	0	28	4120001;4120002;4120003	40;35;30	1
586	201	11	101	0	12	4120001;4120002;4120003	42;37;32	1
587	201	12	201	0	12	4120001;4120002;4120003	45;40;35	1
588	201	13	301	0	28	4120001;4120002;4120003	47;42;37	1
589	201	14	101	0	12	4120001;4120002;4120003	50;45;40	1
590	201	15	201	0	12	4120001;4120002;4120003	52;47;42	1
591	201	16	301	0	28	4120001;4120002;4120003;4120004	55;50;45;20	1
592	201	17	101	0	12	4120001;4120002;4120003;4120004	57;52;47;25	1
593	201	18	201	0	12	4120001;4120002;4120003;4120004	60;55;50;30	1
594	201	19	301	0	36	4120001;4120002;4120003;4120004	62;57;52;35	1
595	201	20	101;201;301	0	8;4;24	4120001;4120002;4120003;4120004	65;60;55;40	1
596	201	21	101;201;301	0	8;4;24	4120001;4120002;4120003;4120004	130;120;110;80	1
597	201	22	101;201;301	0	8;4;24	4120001;4120002;4120003;4120004	195;180;165;120	1
598	201	23	101;201;301	0	8;4;24	4120001;4120002;4120003;4120004	260;240;220;160	1
599	201	24	101;201;301	0	8;4;24	4120001;4120002;4120003;4120004	325;300;275;200	1
600	201	25	101;201;301	0	8;4;24	4120001;4120002;4120003;4120004	390;360;330;240	1
601	202	1	101;201;301	0	12;4;40			1
602	202	2	101	0	12	4120001;4120002;4120003	20;15;10	1
603	202	3	201	0	12	4120001;4120002;4120003	22;17;12	1
604	202	4	301	0	28	4120001;4120002;4120003	25;20;15	1
605	202	5	101	0	12	4120001;4120002;4120003	27;22;17	1
606	202	6	201	0	12	4120001;4120002;4120003	30;25;20	1
607	202	7	301	0	28	4120001;4120002;4120003	32;27;22	1
608	202	8	101	0	12	4120001;4120002;4120003	35;30;25	1
609	202	9	201	0	12	4120001;4120002;4120003	37;32;27	1
610	202	10	301	0	28	4120001;4120002;4120003	40;35;30	1
611	202	11	101	0	12	4120001;4120002;4120003	42;37;32	1
612	202	12	201	0	12	4120001;4120002;4120003	45;40;35	1
613	202	13	301	0	28	4120001;4120002;4120003	47;42;37	1
614	202	14	101	0	12	4120001;4120002;4120003	50;45;40	1
615	202	15	201	0	12	4120001;4120002;4120003	52;47;42	1
616	202	16	301	0	28	4120001;4120002;4120003;4120004	55;50;45;20	1
617	202	17	101	0	12	4120001;4120002;4120003;4120004	57;52;47;25	1
618	202	18	201	0	12	4120001;4120002;4120003;4120004	60;55;50;30	1
619	202	19	301	0	36	4120001;4120002;4120003;4120004	62;57;52;35	1
620	202	20	101;201;301	0	8;4;24	4120001;4120002;4120003;4120004	65;60;55;40	1
621	202	21	101;201;301	0	8;4;24	4120001;4120002;4120003;4120004	130;120;110;80	1
622	202	22	101;201;301	0	8;4;24	4120001;4120002;4120003;4120004	195;180;165;120	1
623	202	23	101;201;301	0	8;4;24	4120001;4120002;4120003;4120004	260;240;220;160	1
624	202	24	101;201;301	0	8;4;24	4120001;4120002;4120003;4120004	325;300;275;200	1
625	202	25	101;201;301	0	8;4;24	4120001;4120002;4120003;4120004	390;360;330;240	1
626	203	1	101;201;301	0	12;4;40			1
627	203	2	101	0	12	4120001;4120002;4120003	20;15;10	1
628	203	3	201	0	12	4120001;4120002;4120003	22;17;12	1
629	203	4	301	0	28	4120001;4120002;4120003	25;20;15	1
630	203	5	101	0	12	4120001;4120002;4120003	27;22;17	1
631	203	6	201	0	12	4120001;4120002;4120003	30;25;20	1
632	203	7	301	0	28	4120001;4120002;4120003	32;27;22	1
633	203	8	101	0	12	4120001;4120002;4120003	35;30;25	1
634	203	9	201	0	12	4120001;4120002;4120003	37;32;27	1
635	203	10	301	0	28	4120001;4120002;4120003	40;35;30	1
636	203	11	101	0	12	4120001;4120002;4120003	42;37;32	1
637	203	12	201	0	12	4120001;4120002;4120003	45;40;35	1
638	203	13	301	0	28	4120001;4120002;4120003	47;42;37	1
639	203	14	101	0	12	4120001;4120002;4120003	50;45;40	1
640	203	15	201	0	12	4120001;4120002;4120003	52;47;42	1
641	203	16	301	0	28	4120001;4120002;4120003;4120004	55;50;45;20	1
642	203	17	101	0	12	4120001;4120002;4120003;4120004	57;52;47;25	1
643	203	18	201	0	12	4120001;4120002;4120003;4120004	60;55;50;30	1
644	203	19	301	0	36	4120001;4120002;4120003;4120004	62;57;52;35	1
645	203	20	101;201;301	0	8;4;24	4120001;4120002;4120003;4120004	65;60;55;40	1
646	203	21	101;201;301	0	8;4;24	4120001;4120002;4120003;4120004	130;120;110;80	1
647	203	22	101;201;301	0	8;4;24	4120001;4120002;4120003;4120004	195;180;165;120	1
648	203	23	101;201;301	0	8;4;24	4120001;4120002;4120003;4120004	260;240;220;160	1
649	203	24	101;201;301	0	8;4;24	4120001;4120002;4120003;4120004	325;300;275;200	1
650	203	25	101;201;301	0	8;4;24	4120001;4120002;4120003;4120004	390;360;330;240	1
651	204	1	101;201;301	0	16;4;40			1
652	204	2	101	0	16	4120001;4120002;4120003	20;15;10	1
653	204	3	201	0	16	4120001;4120002;4120003	22;17;12	1
654	204	4	301	0	44	4120001;4120002;4120003	25;20;15	1
655	204	5	101	0	16	4120001;4120002;4120003	27;22;17	1
656	204	6	201	0	16	4120001;4120002;4120003	30;25;20	1
657	204	7	301	0	44	4120001;4120002;4120003	32;27;22	1
658	204	8	101	0	16	4120001;4120002;4120003	35;30;25	1
659	204	9	201	0	16	4120001;4120002;4120003	37;32;27	1
660	204	10	301	0	40	4120001;4120002;4120003	40;35;30	1
661	204	11	101	0	16	4120001;4120002;4120003	42;37;32	1
662	204	12	201	0	16	4120001;4120002;4120003	45;40;35	1
663	204	13	301	0	40	4120001;4120002;4120003	47;42;37	1
664	204	14	101	0	16	4120001;4120002;4120003	50;45;40	1
665	204	15	201	0	16	4120001;4120002;4120003	52;47;42	1
666	204	16	301	0	40	4120001;4120002;4120003;4120004	55;50;45;20	1
667	204	17	101	0	16	4120001;4120002;4120003;4120004	57;52;47;25	1
668	204	18	201	0	16	4120001;4120002;4120003;4120004	60;55;50;30	1
669	204	19	301	0	40	4120001;4120002;4120003;4120004	62;57;52;35	1
670	204	20	101;201;301	0	12;8;32	4120001;4120002;4120003;4120004	65;60;55;40	1
671	204	21	101;201;301	0	12;8;32	4120001;4120002;4120003;4120004	130;120;110;80	1
672	204	22	101;201;301	0	12;8;32	4120001;4120002;4120003;4120004	195;180;165;120	1
673	204	23	101;201;301	0	12;8;32	4120001;4120002;4120003;4120004	260;240;220;160	1
674	204	24	101;201;301	0	12;8;32	4120001;4120002;4120003;4120004	325;300;275;200	1
675	204	25	101;201;301	0	12;8;32	4120001;4120002;4120003;4120004	390;360;330;240	1
676	205	1	101;201;301	0	16;4;40			1
677	205	2	101	0	16	4120001;4120002;4120003	20;15;10	1
678	205	3	201	0	16	4120001;4120002;4120003	22;17;12	1
679	205	4	301	0	44	4120001;4120002;4120003	25;20;15	1
680	205	5	101	0	16	4120001;4120002;4120003	27;22;17	1
681	205	6	201	0	16	4120001;4120002;4120003	30;25;20	1
682	205	7	301	0	44	4120001;4120002;4120003	32;27;22	1
683	205	8	101	0	16	4120001;4120002;4120003	35;30;25	1
684	205	9	201	0	16	4120001;4120002;4120003	37;32;27	1
685	205	10	301	0	40	4120001;4120002;4120003	40;35;30	1
686	205	11	101	0	16	4120001;4120002;4120003	42;37;32	1
687	205	12	201	0	16	4120001;4120002;4120003	45;40;35	1
688	205	13	301	0	40	4120001;4120002;4120003	47;42;37	1
689	205	14	101	0	16	4120001;4120002;4120003	50;45;40	1
690	205	15	201	0	16	4120001;4120002;4120003	52;47;42	1
691	205	16	301	0	40	4120001;4120002;4120003;4120004	55;50;45;20	1
692	205	17	101	0	16	4120001;4120002;4120003;4120004	57;52;47;25	1
693	205	18	201	0	16	4120001;4120002;4120003;4120004	60;55;50;30	1
694	205	19	301	0	40	4120001;4120002;4120003;4120004	62;57;52;35	1
695	205	20	101;201;301	0	12;8;32	4120001;4120002;4120003;4120004	65;60;55;40	1
696	205	21	101;201;301	0	12;8;32	4120001;4120002;4120003;4120004	130;120;110;80	1
697	205	22	101;201;301	0	12;8;32	4120001;4120002;4120003;4120004	195;180;165;120	1
698	205	23	101;201;301	0	12;8;32	4120001;4120002;4120003;4120004	260;240;220;160	1
699	205	24	101;201;301	0	12;8;32	4120001;4120002;4120003;4120004	325;300;275;200	1
700	205	25	101;201;301	0	12;8;32	4120001;4120002;4120003;4120004	390;360;330;240	1
701	206	1	101;201;301	0	16;4;40			1
702	206	2	101	0	16	4120001;4120002;4120003	20;15;10	1
703	206	3	201	0	16	4120001;4120002;4120003	22;17;12	1
704	206	4	301	0	44	4120001;4120002;4120003	25;20;15	1
705	206	5	101	0	16	4120001;4120002;4120003	27;22;17	1
706	206	6	201	0	16	4120001;4120002;4120003	30;25;20	1
707	206	7	301	0	44	4120001;4120002;4120003	32;27;22	1
708	206	8	101	0	16	4120001;4120002;4120003	35;30;25	1
709	206	9	201	0	16	4120001;4120002;4120003	37;32;27	1
710	206	10	301	0	40	4120001;4120002;4120003	40;35;30	1
711	206	11	101	0	16	4120001;4120002;4120003	42;37;32	1
712	206	12	201	0	16	4120001;4120002;4120003	45;40;35	1
713	206	13	301	0	40	4120001;4120002;4120003	47;42;37	1
714	206	14	101	0	16	4120001;4120002;4120003	50;45;40	1
715	206	15	201	0	16	4120001;4120002;4120003	52;47;42	1
716	206	16	301	0	40	4120001;4120002;4120003;4120004	55;50;45;20	1
717	206	17	101	0	16	4120001;4120002;4120003;4120004	57;52;47;25	1
718	206	18	201	0	16	4120001;4120002;4120003;4120004	60;55;50;30	1
719	206	19	301	0	40	4120001;4120002;4120003;4120004	62;57;52;35	1
720	206	20	101;201;301	0	12;8;32	4120001;4120002;4120003;4120004	65;60;55;40	1
721	206	21	101;201;301	0	12;8;32	4120001;4120002;4120003;4120004	130;120;110;80	1
722	206	22	101;201;301	0	12;8;32	4120001;4120002;4120003;4120004	195;180;165;120	1
723	206	23	101;201;301	0	12;8;32	4120001;4120002;4120003;4120004	260;240;220;160	1
724	206	24	101;201;301	0	12;8;32	4120001;4120002;4120003;4120004	325;300;275;200	1
725	206	25	101;201;301	0	12;8;32	4120001;4120002;4120003;4120004	390;360;330;240	1
726	207	1	101;201;301	0	16;4;40			1
727	207	2	101	0	16	4120001;4120002;4120003	20;15;10	1
728	207	3	201	0	16	4120001;4120002;4120003	22;17;12	1
729	207	4	301	0	44	4120001;4120002;4120003	25;20;15	1
730	207	5	101	0	16	4120001;4120002;4120003	27;22;17	1
731	207	6	201	0	16	4120001;4120002;4120003	30;25;20	1
732	207	7	301	0	44	4120001;4120002;4120003	32;27;22	1
733	207	8	101	0	16	4120001;4120002;4120003	35;30;25	1
734	207	9	201	0	16	4120001;4120002;4120003	37;32;27	1
735	207	10	301	0	40	4120001;4120002;4120003	40;35;30	1
736	207	11	101	0	16	4120001;4120002;4120003	42;37;32	1
737	207	12	201	0	16	4120001;4120002;4120003	45;40;35	1
738	207	13	301	0	40	4120001;4120002;4120003	47;42;37	1
739	207	14	101	0	16	4120001;4120002;4120003	50;45;40	1
740	207	15	201	0	16	4120001;4120002;4120003	52;47;42	1
741	207	16	301	0	40	4120001;4120002;4120003;4120004	55;50;45;20	1
742	207	17	101	0	16	4120001;4120002;4120003;4120004	57;52;47;25	1
743	207	18	201	0	16	4120001;4120002;4120003;4120004	60;55;50;30	1
744	207	19	301	0	40	4120001;4120002;4120003;4120004	62;57;52;35	1
745	207	20	101;201;301	0	12;8;32	4120001;4120002;4120003;4120004	65;60;55;40	1
746	207	21	101;201;301	0	12;8;32	4120001;4120002;4120003;4120004	130;120;110;80	1
747	207	22	101;201;301	0	12;8;32	4120001;4120002;4120003;4120004	195;180;165;120	1
748	207	23	101;201;301	0	12;8;32	4120001;4120002;4120003;4120004	260;240;220;160	1
749	207	24	101;201;301	0	12;8;32	4120001;4120002;4120003;4120004	325;300;275;200	1
750	207	25	101;201;301	0	12;8;32	4120001;4120002;4120003;4120004	390;360;330;240	1
751	208	1	101;201;301	0	16;4;40			1
752	208	2	101	0	16	4120001;4120002;4120003	20;15;10	1
753	208	3	201	0	16	4120001;4120002;4120003	22;17;12	1
754	208	4	301	0	44	4120001;4120002;4120003	25;20;15	1
755	208	5	101	0	16	4120001;4120002;4120003	27;22;17	1
756	208	6	201	0	16	4120001;4120002;4120003	30;25;20	1
757	208	7	301	0	44	4120001;4120002;4120003	32;27;22	1
758	208	8	101	0	16	4120001;4120002;4120003	35;30;25	1
759	208	9	201	0	16	4120001;4120002;4120003	37;32;27	1
760	208	10	301	0	40	4120001;4120002;4120003	40;35;30	1
761	208	11	101	0	16	4120001;4120002;4120003	42;37;32	1
762	208	12	201	0	16	4120001;4120002;4120003	45;40;35	1
763	208	13	301	0	40	4120001;4120002;4120003	47;42;37	1
764	208	14	101	0	16	4120001;4120002;4120003	50;45;40	1
765	208	15	201	0	16	4120001;4120002;4120003	52;47;42	1
766	208	16	301	0	40	4120001;4120002;4120003;4120004	55;50;45;20	1
767	208	17	101	0	16	4120001;4120002;4120003;4120004	57;52;47;25	1
768	208	18	201	0	16	4120001;4120002;4120003;4120004	60;55;50;30	1
769	208	19	301	0	40	4120001;4120002;4120003;4120004	62;57;52;35	1
770	208	20	101;201;301	0	12;8;32	4120001;4120002;4120003;4120004	65;60;55;40	1
771	208	21	101;201;301	0	12;8;32	4120001;4120002;4120003;4120004	130;120;110;80	1
772	208	22	101;201;301	0	12;8;32	4120001;4120002;4120003;4120004	195;180;165;120	1
773	208	23	101;201;301	0	12;8;32	4120001;4120002;4120003;4120004	260;240;220;160	1
774	208	24	101;201;301	0	12;8;32	4120001;4120002;4120003;4120004	325;300;275;200	1
775	208	25	101;201;301	0	12;8;32	4120001;4120002;4120003;4120004	390;360;330;240	1
776	209	1	101;201;301	0	16;4;40			1
777	209	2	101	0	16	4120001;4120002;4120003	20;15;10	1
778	209	3	201	0	16	4120001;4120002;4120003	22;17;12	1
779	209	4	301	0	44	4120001;4120002;4120003	25;20;15	1
780	209	5	101	0	16	4120001;4120002;4120003	27;22;17	1
781	209	6	201	0	16	4120001;4120002;4120003	30;25;20	1
782	209	7	301	0	44	4120001;4120002;4120003	32;27;22	1
783	209	8	101	0	16	4120001;4120002;4120003	35;30;25	1
784	209	9	201	0	16	4120001;4120002;4120003	37;32;27	1
785	209	10	301	0	40	4120001;4120002;4120003	40;35;30	1
786	209	11	101	0	16	4120001;4120002;4120003	42;37;32	1
787	209	12	201	0	16	4120001;4120002;4120003	45;40;35	1
788	209	13	301	0	40	4120001;4120002;4120003	47;42;37	1
789	209	14	101	0	16	4120001;4120002;4120003	50;45;40	1
790	209	15	201	0	16	4120001;4120002;4120003	52;47;42	1
791	209	16	301	0	40	4120001;4120002;4120003;4120004	55;50;45;20	1
792	209	17	101	0	16	4120001;4120002;4120003;4120004	57;52;47;25	1
793	209	18	201	0	16	4120001;4120002;4120003;4120004	60;55;50;30	1
794	209	19	301	0	40	4120001;4120002;4120003;4120004	62;57;52;35	1
795	209	20	101;201;301	0	12;8;32	4120001;4120002;4120003;4120004	65;60;55;40	1
796	209	21	101;201;301	0	12;8;32	4120001;4120002;4120003;4120004	130;120;110;80	1
797	209	22	101;201;301	0	12;8;32	4120001;4120002;4120003;4120004	195;180;165;120	1
798	209	23	101;201;301	0	12;8;32	4120001;4120002;4120003;4120004	260;240;220;160	1
799	209	24	101;201;301	0	12;8;32	4120001;4120002;4120003;4120004	325;300;275;200	1
800	209	25	101;201;301	0	12;8;32	4120001;4120002;4120003;4120004	390;360;330;240	1
801	210	1	101;201;301	0	24;12;72			1
802	210	2	101	0	24	4120001;4120002;4120003	20;15;10	1
803	210	3	201	0	24	4120001;4120002;4120003	22;17;12	1
804	210	4	301	0	64	4120001;4120002;4120003	25;20;15	1
805	210	5	101	0	24	4120001;4120002;4120003	27;22;17	1
806	210	6	201	0	24	4120001;4120002;4120003	30;25;20	1
807	210	7	301	0	64	4120001;4120002;4120003	32;27;22	1
808	210	8	101	0	24	4120001;4120002;4120003	35;30;25	1
809	210	9	201	0	24	4120001;4120002;4120003	37;32;27	1
810	210	10	301	0	64	4120001;4120002;4120003	40;35;30	1
811	210	11	101	0	24	4120001;4120002;4120003	42;37;32	1
812	210	12	201	0	24	4120001;4120002;4120003	45;40;35	1
813	210	13	301	0	64	4120001;4120002;4120003	47;42;37	1
814	210	14	101	0	24	4120001;4120002;4120003	50;45;40	1
815	210	15	201	0	24	4120001;4120002;4120003	52;47;42	1
816	210	16	301	0	64	4120001;4120002;4120003;4120004	55;50;45;20	1
817	210	17	101	0	24	4120001;4120002;4120003;4120004	57;52;47;25	1
818	210	18	201	0	24	4120001;4120002;4120003;4120004	60;55;50;30	1
819	210	19	301	0	64	4120001;4120002;4120003;4120004	62;57;52;35	1
820	210	20	101;201;301	0	24;24;64	4120001;4120002;4120003;4120004	65;60;55;40	1
821	210	21	101;201;301	0	24;24;64	4120001;4120002;4120003;4120004	130;120;110;80	1
822	210	22	101;201;301	0	24;24;64	4120001;4120002;4120003;4120004	195;180;165;120	1
823	210	23	101;201;301	0	24;24;64	4120001;4120002;4120003;4120004	260;240;220;160	1
824	210	24	101;201;301	0	24;24;64	4120001;4120002;4120003;4120004	325;300;275;200	1
825	210	25	101;201;301	0	24;24;64	4120001;4120002;4120003;4120004	390;360;330;240	1
826	211	1	101;201;301	0	24;12;72			1
827	211	2	101	0	24	4120001;4120002;4120003	20;15;10	1
828	211	3	201	0	24	4120001;4120002;4120003	22;17;12	1
829	211	4	301	0	64	4120001;4120002;4120003	25;20;15	1
830	211	5	101	0	24	4120001;4120002;4120003	27;22;17	1
831	211	6	201	0	24	4120001;4120002;4120003	30;25;20	1
832	211	7	301	0	64	4120001;4120002;4120003	32;27;22	1
833	211	8	101	0	24	4120001;4120002;4120003	35;30;25	1
834	211	9	201	0	24	4120001;4120002;4120003	37;32;27	1
835	211	10	301	0	64	4120001;4120002;4120003	40;35;30	1
836	211	11	101	0	24	4120001;4120002;4120003	42;37;32	1
837	211	12	201	0	24	4120001;4120002;4120003	45;40;35	1
838	211	13	301	0	64	4120001;4120002;4120003	47;42;37	1
839	211	14	101	0	24	4120001;4120002;4120003	50;45;40	1
840	211	15	201	0	24	4120001;4120002;4120003	52;47;42	1
841	211	16	301	0	64	4120001;4120002;4120003;4120004	55;50;45;20	1
842	211	17	101	0	24	4120001;4120002;4120003;4120004	57;52;47;25	1
843	211	18	201	0	24	4120001;4120002;4120003;4120004	60;55;50;30	1
844	211	19	301	0	64	4120001;4120002;4120003;4120004	62;57;52;35	1
845	211	20	101;201;301	0	24;24;64	4120001;4120002;4120003;4120004	65;60;55;40	1
846	211	21	101;201;301	0	24;24;64	4120001;4120002;4120003;4120004	130;120;110;80	1
847	211	22	101;201;301	0	24;24;64	4120001;4120002;4120003;4120004	195;180;165;120	1
848	211	23	101;201;301	0	24;24;64	4120001;4120002;4120003;4120004	260;240;220;160	1
849	211	24	101;201;301	0	24;24;64	4120001;4120002;4120003;4120004	325;300;275;200	1
850	211	25	101;201;301	0	24;24;64	4120001;4120002;4120003;4120004	390;360;330;240	1
851	212	1	101;201;301	0	24;12;72			1
852	212	2	101	0	24	4120001;4120002;4120003	20;15;10	1
853	212	3	201	0	24	4120001;4120002;4120003	22;17;12	1
854	212	4	301	0	64	4120001;4120002;4120003	25;20;15	1
855	212	5	101	0	24	4120001;4120002;4120003	27;22;17	1
856	212	6	201	0	24	4120001;4120002;4120003	30;25;20	1
857	212	7	301	0	64	4120001;4120002;4120003	32;27;22	1
858	212	8	101	0	24	4120001;4120002;4120003	35;30;25	1
859	212	9	201	0	24	4120001;4120002;4120003	37;32;27	1
860	212	10	301	0	64	4120001;4120002;4120003	40;35;30	1
861	212	11	101	0	24	4120001;4120002;4120003	42;37;32	1
862	212	12	201	0	24	4120001;4120002;4120003	45;40;35	1
863	212	13	301	0	64	4120001;4120002;4120003	47;42;37	1
864	212	14	101	0	24	4120001;4120002;4120003	50;45;40	1
865	212	15	201	0	24	4120001;4120002;4120003	52;47;42	1
866	212	16	301	0	64	4120001;4120002;4120003;4120004	55;50;45;20	1
867	212	17	101	0	24	4120001;4120002;4120003;4120004	57;52;47;25	1
868	212	18	201	0	24	4120001;4120002;4120003;4120004	60;55;50;30	1
869	212	19	301	0	64	4120001;4120002;4120003;4120004	62;57;52;35	1
870	212	20	101;201;301	0	24;24;64	4120001;4120002;4120003;4120004	65;60;55;40	1
871	212	21	101;201;301	0	24;24;64	4120001;4120002;4120003;4120004	130;120;110;80	1
872	212	22	101;201;301	0	24;24;64	4120001;4120002;4120003;4120004	195;180;165;120	1
873	212	23	101;201;301	0	24;24;64	4120001;4120002;4120003;4120004	260;240;220;160	1
874	212	24	101;201;301	0	24;24;64	4120001;4120002;4120003;4120004	325;300;275;200	1
875	212	25	101;201;301	0	24;24;64	4120001;4120002;4120003;4120004	390;360;330;240	1
876	213	1	101;201;301	0	24;12;72			1
877	213	2	101	0	24	4120001;4120002;4120003	20;15;10	1
878	213	3	201	0	24	4120001;4120002;4120003	22;17;12	1
879	213	4	301	0	64	4120001;4120002;4120003	25;20;15	1
880	213	5	101	0	24	4120001;4120002;4120003	27;22;17	1
881	213	6	201	0	24	4120001;4120002;4120003	30;25;20	1
882	213	7	301	0	64	4120001;4120002;4120003	32;27;22	1
883	213	8	101	0	24	4120001;4120002;4120003	35;30;25	1
884	213	9	201	0	24	4120001;4120002;4120003	37;32;27	1
885	213	10	301	0	64	4120001;4120002;4120003	40;35;30	1
886	213	11	101	0	24	4120001;4120002;4120003	42;37;32	1
887	213	12	201	0	24	4120001;4120002;4120003	45;40;35	1
888	213	13	301	0	64	4120001;4120002;4120003	47;42;37	1
889	213	14	101	0	24	4120001;4120002;4120003	50;45;40	1
890	213	15	201	0	24	4120001;4120002;4120003	52;47;42	1
891	213	16	301	0	64	4120001;4120002;4120003;4120004	55;50;45;20	1
892	213	17	101	0	24	4120001;4120002;4120003;4120004	57;52;47;25	1
893	213	18	201	0	24	4120001;4120002;4120003;4120004	60;55;50;30	1
894	213	19	301	0	64	4120001;4120002;4120003;4120004	62;57;52;35	1
895	213	20	101;201;301	0	24;24;64	4120001;4120002;4120003;4120004	65;60;55;40	1
896	213	21	101;201;301	0	24;24;64	4120001;4120002;4120003;4120004	130;120;110;80	1
897	213	22	101;201;301	0	24;24;64	4120001;4120002;4120003;4120004	195;180;165;120	1
898	213	23	101;201;301	0	24;24;64	4120001;4120002;4120003;4120004	260;240;220;160	1
899	213	24	101;201;301	0	24;24;64	4120001;4120002;4120003;4120004	325;300;275;200	1
900	213	25	101;201;301	0	24;24;64	4120001;4120002;4120003;4120004	390;360;330;240	1
901	214	1	101;201;301	0	24;12;72			1
902	214	2	101	0	24	4120001;4120002;4120003	20;15;10	1
903	214	3	201	0	24	4120001;4120002;4120003	22;17;12	1
904	214	4	301	0	64	4120001;4120002;4120003	25;20;15	1
905	214	5	101	0	24	4120001;4120002;4120003	27;22;17	1
906	214	6	201	0	24	4120001;4120002;4120003	30;25;20	1
907	214	7	301	0	64	4120001;4120002;4120003	32;27;22	1
908	214	8	101	0	24	4120001;4120002;4120003	35;30;25	1
909	214	9	201	0	24	4120001;4120002;4120003	37;32;27	1
910	214	10	301	0	64	4120001;4120002;4120003	40;35;30	1
911	214	11	101	0	24	4120001;4120002;4120003	42;37;32	1
912	214	12	201	0	24	4120001;4120002;4120003	45;40;35	1
913	214	13	301	0	64	4120001;4120002;4120003	47;42;37	1
914	214	14	101	0	24	4120001;4120002;4120003	50;45;40	1
915	214	15	201	0	24	4120001;4120002;4120003	52;47;42	1
916	214	16	301	0	64	4120001;4120002;4120003;4120004	55;50;45;20	1
917	214	17	101	0	24	4120001;4120002;4120003;4120004	57;52;47;25	1
918	214	18	201	0	24	4120001;4120002;4120003;4120004	60;55;50;30	1
919	214	19	301	0	64	4120001;4120002;4120003;4120004	62;57;52;35	1
920	214	20	101;201;301	0	24;24;64	4120001;4120002;4120003;4120004	65;60;55;40	1
921	214	21	101;201;301	0	24;24;64	4120001;4120002;4120003;4120004	130;120;110;80	1
922	214	22	101;201;301	0	24;24;64	4120001;4120002;4120003;4120004	195;180;165;120	1
923	214	23	101;201;301	0	24;24;64	4120001;4120002;4120003;4120004	260;240;220;160	1
924	214	24	101;201;301	0	24;24;64	4120001;4120002;4120003;4120004	325;300;275;200	1
925	214	25	101;201;301	0	24;24;64	4120001;4120002;4120003;4120004	390;360;330;240	1
926	24	1	101;201;301	0	24;12;72			1
927	24	2	101	0	24	4120001;4120002;4120003	20;15;10	1
928	24	3	201	0	24	4120001;4120002;4120003	22;17;12	1
929	24	4	301	0	64	4120001;4120002;4120003	25;20;15	1
930	24	5	101	0	24	4120001;4120002;4120003	27;22;17	1
931	24	6	201	0	24	4120001;4120002;4120003	30;25;20	1
932	24	7	301	0	64	4120001;4120002;4120003	32;27;22	1
933	24	8	101	0	24	4120001;4120002;4120003	35;30;25	1
934	24	9	201	0	24	4120001;4120002;4120003	37;32;27	1
935	24	10	301	0	64	4120001;4120002;4120003	40;35;30	1
936	24	11	101	0	24	4120001;4120002;4120003	42;37;32	1
937	24	12	201	0	24	4120001;4120002;4120003	45;40;35	1
938	24	13	301	0	64	4120001;4120002;4120003	47;42;37	1
939	24	14	101	0	24	4120001;4120002;4120003	50;45;40	1
940	24	15	201	0	24	4120001;4120002;4120003	52;47;42	1
941	24	16	301	0	64	4120001;4120002;4120003;4120004	55;50;45;20	1
942	24	17	101	0	24	4120001;4120002;4120003;4120004	57;52;47;25	1
943	24	18	201	0	24	4120001;4120002;4120003;4120004	60;55;50;30	1
944	24	19	301	0	64	4120001;4120002;4120003;4120004	62;57;52;35	1
945	24	20	101;201;301	0	24;24;64	4120001;4120002;4120003;4120004	65;60;55;40	1
946	24	21	101;201;301	0	24;24;64	4120001;4120002;4120003;4120004	130;120;110;80	1
947	24	22	101;201;301	0	24;24;64	4120001;4120002;4120003;4120004	195;180;165;120	1
948	24	23	101;201;301	0	24;24;64	4120001;4120002;4120003;4120004	260;240;220;160	1
949	24	24	101;201;301	0	24;24;64	4120001;4120002;4120003;4120004	325;300;275;200	1
950	24	25	101;201;301	0	24;24;64	4120001;4120002;4120003;4120004	390;360;330;240	1
951	25	1	101;201;301	0	24;12;72			1
952	25	2	101	0	24	4120001;4120002;4120003	20;15;10	1
953	25	3	201	0	24	4120001;4120002;4120003	22;17;12	1
954	25	4	301	0	64	4120001;4120002;4120003	25;20;15	1
955	25	5	101	0	24	4120001;4120002;4120003	27;22;17	1
956	25	6	201	0	24	4120001;4120002;4120003	30;25;20	1
957	25	7	301	0	64	4120001;4120002;4120003	32;27;22	1
958	25	8	101	0	24	4120001;4120002;4120003	35;30;25	1
959	25	9	201	0	24	4120001;4120002;4120003	37;32;27	1
960	25	10	301	0	64	4120001;4120002;4120003	40;35;30	1
961	25	11	101	0	24	4120001;4120002;4120003	42;37;32	1
962	25	12	201	0	24	4120001;4120002;4120003	45;40;35	1
963	25	13	301	0	64	4120001;4120002;4120003	47;42;37	1
964	25	14	101	0	24	4120001;4120002;4120003	50;45;40	1
965	25	15	201	0	24	4120001;4120002;4120003	52;47;42	1
966	25	16	301	0	64	4120001;4120002;4120003;4120004	55;50;45;20	1
967	25	17	101	0	24	4120001;4120002;4120003;4120004	57;52;47;25	1
968	25	18	201	0	24	4120001;4120002;4120003;4120004	60;55;50;30	1
969	25	19	301	0	64	4120001;4120002;4120003;4120004	62;57;52;35	1
970	25	20	101;201;301	0	24;24;64	4120001;4120002;4120003;4120004	65;60;55;40	1
971	25	21	101;201;301	0	24;24;64	4120001;4120002;4120003;4120004	130;120;110;80	1
972	25	22	101;201;301	0	24;24;64	4120001;4120002;4120003;4120004	195;180;165;120	1
973	25	23	101;201;301	0	24;24;64	4120001;4120002;4120003;4120004	260;240;220;160	1
974	25	24	101;201;301	0	24;24;64	4120001;4120002;4120003;4120004	325;300;275;200	1
975	25	25	101;201;301	0	24;24;64	4120001;4120002;4120003;4120004	390;360;330;240	1
976	26	1	101;201;301	0	24;12;72			1
977	26	2	101	0	24	4120001;4120002;4120003	20;15;10	1
978	26	3	201	0	24	4120001;4120002;4120003	22;17;12	1
979	26	4	301	0	64	4120001;4120002;4120003	25;20;15	1
980	26	5	101	0	24	4120001;4120002;4120003	27;22;17	1
981	26	6	201	0	24	4120001;4120002;4120003	30;25;20	1
982	26	7	301	0	64	4120001;4120002;4120003	32;27;22	1
983	26	8	101	0	24	4120001;4120002;4120003	35;30;25	1
984	26	9	201	0	24	4120001;4120002;4120003	37;32;27	1
985	26	10	301	0	64	4120001;4120002;4120003	40;35;30	1
986	26	11	101	0	24	4120001;4120002;4120003	42;37;32	1
987	26	12	201	0	24	4120001;4120002;4120003	45;40;35	1
988	26	13	301	0	64	4120001;4120002;4120003	47;42;37	1
989	26	14	101	0	24	4120001;4120002;4120003	50;45;40	1
990	26	15	201	0	24	4120001;4120002;4120003	52;47;42	1
991	26	16	301	0	64	4120001;4120002;4120003;4120004	55;50;45;20	1
992	26	17	101	0	24	4120001;4120002;4120003;4120004	57;52;47;25	1
993	26	18	201	0	24	4120001;4120002;4120003;4120004	60;55;50;30	1
994	26	19	301	0	64	4120001;4120002;4120003;4120004	62;57;52;35	1
995	26	20	101;201;301	0	24;24;64	4120001;4120002;4120003;4120004	65;60;55;40	1
996	26	21	101;201;301	0	24;24;64	4120001;4120002;4120003;4120004	130;120;110;80	1
997	26	22	101;201;301	0	24;24;64	4120001;4120002;4120003;4120004	195;180;165;120	1
998	26	23	101;201;301	0	24;24;64	4120001;4120002;4120003;4120004	260;240;220;160	1
999	26	24	101;201;301	0	24;24;64	4120001;4120002;4120003;4120004	325;300;275;200	1
1000	26	25	101;201;301	0	24;24;64	4120001;4120002;4120003;4120004	390;360;330;240	1
1001	27	1	101;201;301	0	24;12;72			1
1002	27	2	101	0	24	4120001;4120002;4120003	20;15;10	1
1003	27	3	201	0	24	4120001;4120002;4120003	22;17;12	1
1004	27	4	301	0	64	4120001;4120002;4120003	25;20;15	1
1005	27	5	101	0	24	4120001;4120002;4120003	27;22;17	1
1006	27	6	201	0	24	4120001;4120002;4120003	30;25;20	1
1007	27	7	301	0	64	4120001;4120002;4120003	32;27;22	1
1008	27	8	101	0	24	4120001;4120002;4120003	35;30;25	1
1009	27	9	201	0	24	4120001;4120002;4120003	37;32;27	1
1010	27	10	301	0	64	4120001;4120002;4120003	40;35;30	1
1011	27	11	101	0	24	4120001;4120002;4120003	42;37;32	1
1012	27	12	201	0	24	4120001;4120002;4120003	45;40;35	1
1013	27	13	301	0	64	4120001;4120002;4120003	47;42;37	1
1014	27	14	101	0	24	4120001;4120002;4120003	50;45;40	1
1015	27	15	201	0	24	4120001;4120002;4120003	52;47;42	1
1016	27	16	301	0	64	4120001;4120002;4120003;4120004	55;50;45;20	1
1017	27	17	101	0	24	4120001;4120002;4120003;4120004	57;52;47;25	1
1018	27	18	201	0	24	4120001;4120002;4120003;4120004	60;55;50;30	1
1019	27	19	301	0	64	4120001;4120002;4120003;4120004	62;57;52;35	1
1020	27	20	101;201;301	0	24;24;64	4120001;4120002;4120003;4120004	65;60;55;40	1
1021	27	21	101;201;301	0	24;24;64	4120001;4120002;4120003;4120004	130;120;110;80	1
1022	27	22	101;201;301	0	24;24;64	4120001;4120002;4120003;4120004	195;180;165;120	1
1023	27	23	101;201;301	0	24;24;64	4120001;4120002;4120003;4120004	260;240;220;160	1
1024	27	24	101;201;301	0	24;24;64	4120001;4120002;4120003;4120004	325;300;275;200	1
1025	27	25	101;201;301	0	24;24;64	4120001;4120002;4120003;4120004	390;360;330;240	1