id	groupId	changeId	customerId	location	birthTime	needFood	survivalTime	addTime	status
int	int	int	int	int	int	int	int	int	int
1	1	1	1	2	2	1	20		1
2	1	2	2	3	10	1	20		1
3	1	3	3		18	1	20		1
7	3	1	4	3	2	2	20		1
8	3	2	5	2	8	1	20		1
9	3	3	6	1	14	2	20		1
10	3	4	7	4	20	2	20		1
11	3	5	8		26	1	20		1
12	3	6	9		32	2	20		1
13	4	1	10	3	2	10	20		1
14	4	2	11	2	7	2	20		1
15	4	3	12	4	12	10;2	20		1
16	4	4	13		17	1	20		1
17	4	5	14		22	10;2	20		1
18	4	6	15		27	10;1	20		1
19	4	7	16		32	2	20		1
20	4	8	17		37	10	20		1
21	4	9	18		42	10;2	20		1
22	4	10	1		47	1;2	20		1
23	6	1	2		2	10;2	20		1
24	6	2	3		6	2	20		1
25	6	3	4		10	10;1	20		1
26	6	4	5		14	10;2	20		1
27	6	5	6		18	10	20		1
28	6	6	7		22	10;2	20		1
29	6	7	8		26	10;1	20		1
30	6	8	9		30	10;1	20		1
31	6	9	10		34	10;2	20		1
32	6	10	11		38	10;2	20		1
33	6	11	12		42	10;2	20		1
34	6	12	13		46	10;2	20		1
35	7	1	14		2	10;5	20		1
36	7	2	15		6	10;2	20		1
37	7	3	16		12	10;1	20		1
38	7	4	17		14	5;2	20		1
39	7	5	18		18	10;2	20		1
40	7	6	1		22	5;1	20		1
41	7	7	2		26	10;2	20		1
42	7	8	3		30	10;5	20		1
43	7	9	4		34	10;2	20		1
44	7	10	5		38	5;2	20		1
45	7	11	6		44	10;1	20		1
46	7	12	7		47	5;2	20		1
47	8	1	8		3	10;2	20		1
48	8	2	9		7	10;5	20		1
49	8	3	10		11	10;1	20		1
50	8	4	11		15	10;2	20		1
51	8	5	12		19	10;5	20		1
52	8	6	13		23	10;1	20		1
53	8	7	14		27	10;2	20		1
54	8	8	15		31	10;5	20		1
55	8	9	16		35	10;2	20		1
56	8	10	17		39	5;1	20		1
57	8	11	18		43	10;2	20		1
58	8	12	1		47	10;5	20		1
59	8	13	2		51	10;1	20		1
60	8	14	3		55	2;5	20		1
61	9	1	4		3	10;10	20		1
62	9	2	5		7	5;2	20		1
63	9	3	6		11	10;10	20		1
64	9	4	7		15	5;1	20		1
65	9	5	8		19	10;2	20		1
66	9	6	9		23	10;5	20		1
67	9	7	10		27	10;2	20		1
68	9	8	11		31	10;5	20		1
69	9	9	12		35	5;2	20		1
70	9	10	13		39	10;5	20		1
71	9	11	14		43	5;2	20		1
72	9	12	15		47	10;5	20		1
73	9	13	16		51	5;2	20		1
74	9	14	17		55	10;5	20		1
75	9	15	18		58	5;1	20		1
76	9	16	1		61	10;5	20		1
77	9	17	2		64	10;10	20		1
78	9	18	3		68	5;2	20		1
79	10	1	4		3	5;4	20		1
80	10	2	5		8	10;10	20		1
81	10	3	6		13	5;4	20		1
82	10	4	7		18	10;5	20		1
83	10	5	8		23	10;4	20		1
84	10	6	9		28	5;5	20		1
85	10	7	10		33	10;2	20		1
86	10	8	11		38	10;5	20		1
87	10	9	12		43	5;4	20		1
88	10	10	13		48	10;10	20		1
89	10	11	14		53	10;4	20		1
90	10	12	15		58	5;5	20		1
91	10	13	16		63	10;2	20		1
92	10	14	17		68	5;4	20		1
93	21	1	18		3	5;4	11	4	1
94	5	1	14	3	3	5;4	20		1
95	5	2	15	2	6	4;10	20		1
96	5	3	16	1	10	5;3	20		1
97	5	4	17	4	14	10;5	20		1
98	5	5	18		18	10;4	20		1
99	5	6	1		22	5;5	20		1
100	5	7	2		26	5;2	20		1
101	5	8	3		30	10;5	20		1
102	5	9	4		34	5;3	20		1
103	5	10	5		38	10;10	20		1
104	5	11	6		42	2;5	20		1
105	5	12	7		46	10;5	20		1
106	5	13	8		50	10;3	20		1
107	5	14	9		54	5;5	20		1
108	11	1	10	2	2	9;4	20		1
109	11	2	11	4	5	5;3	20		1
110	11	3	12	3	9	9;5	20		1
111	11	4	13	1	13	10;4	20		1
112	11	5	14		17	9;10	20		1
113	11	6	15		21	5;4	20		1
114	11	7	16		25	9;4	20		1
115	11	8	17		29	10;10	20		1
116	11	9	18		33	5;5	20		1
117	11	10	1		37	9;4	20		1
118	11	11	2		41	10;4	20		1
119	11	12	3		45	9;10	20		1
120	11	13	4		49	5;5	20		1
121	11	14	5		53	10;4	20		1
122	11	15	6		55	9;3	20		1
123	12	1	7		2	5;3	18		1
124	12	2	8		6	10;9	18		1
125	12	3	9		10	4;5	18		1
126	12	4	10		14	10;9	18		1
127	12	5	11		18	5;2	18		1
128	12	6	12		22	9;3	18		1
129	12	7	13		26	10;10	18		1
130	12	8	14		30	5;4	18		1
131	12	9	15		34	9;2	18		1
132	12	10	16		38	5;5	18		1
133	12	11	17		42	10;2	18		1
134	12	12	18		46	9;4	18		1
135	12	13	1		50	5;5	18		1
136	12	14	2		54	9;3	18		1
137	12	15	3		58	10;1	18		1
138	13	1	4		2	10;5	18		1
139	13	2	5		6	4;3	18		1
140	13	3	6		10	9;9	18		1
141	13	4	7		14	6;2	18		1
142	13	5	8		18	6;10	18		1
143	13	6	9		22	3;9	18		1
144	13	7	10		26	6;2	18		1
145	13	8	11		30	6;10	18		1
146	13	9	12		34	4;5	18		1
147	13	10	13		38	4;9	18		1
148	13	11	14		42	1;2	18		1
149	13	12	15		46	3;6	18		1
150	13	13	16		50	9;10	18		1
151	13	14	17		54	4;5	18		1
152	13	15	18		58	9;6	18		1
153	13	16	1		62	4;10	18		1
154	14	1	2		2	6;10	17		1
155	14	2	3		6	3;5	17		1
156	14	3	4		10	4;9	17		1
157	14	4	5		14	6;2	17		1
158	14	5	6		18	6;10	17		1
159	14	6	7		22	3;9	17		1
160	14	7	8		26	5;9	17		1
161	14	8	9		30	1;4	17		1
162	14	9	10		34	4;10	17		1
163	14	10	11		38	6;9	17		1
164	14	11	12		42	5;3	17		1
165	14	12	13		46	2;9	17		1
166	14	13	14		50	5;10	17		1
167	14	14	15		54	9;3	17		1
168	14	15	16		58	10;4	17		1
169	14	16	17		62	6;9	17		1
170	14	17	18		66	2;10	17		1
171	15	1	1		2	1;7	16		1
172	15	2	2		6	3;10	16		1
173	15	3	3		10	4;7	16		1
174	15	4	4		14	1;9	16		1
175	15	5	5		18	9;5	16		1
176	15	6	6		22	2;5	16		1
177	15	7	7		26	10;6	16		1
178	15	8	8		30	9;10	16		1
179	15	9	9		34	1;5	16		1
180	15	10	10		38	3;9	16		1
181	15	11	11		42	9;7	16		1
182	15	12	12		46	4;10	16		1
183	15	13	13		50	3;8	16		1
184	15	14	14		54	4;10	16		1
185	15	15	15		58	9;6	16		1
186	15	16	16		62	2;9	16		1
187	15	17	17		66	3;7	16		1
188	16	1	18		2	9;8	16		1
189	16	2	1		7	1;10	16		1
190	16	3	2		12	4;8	16		1
191	16	4	3		17	7;9	16		1
192	16	5	4		22	3;8	16		1
193	16	6	5		27	5;2	16		1
194	16	7	6		32	6;10	16		1
195	16	8	7		37	10;8	16		1
196	16	9	8		42	10;4	16		1
197	16	10	9		47	2;9	16		1
198	16	11	10		52	9;8	16		1
199	16	12	11		57	3;10	16		1
200	16	13	12		62	7;8	16		1
201	16	14	13		67	3;10	16		1
202	16	15	14		72	7;9	16		1
203	16	16	15		76	4;8	16		1
204	16	17	16		80	3;10	16		1
205	17	1	17		2	9;8	15		1
206	17	2	18		7	1;10	15		1
207	17	3	1		12	4;8	15		1
208	17	4	2		17	7;9	15		1
209	17	5	3		22	3;8	15		1
210	17	6	4		27	5;2	15		1
211	17	7	5		32	6;10	15		1
212	17	8	6		37	10;8;5	15		1
213	17	9	7		42	10;4	15		1
214	17	10	8		47	2;9;9	15		1
215	17	11	9		52	9;8	15		1
216	17	12	10		57	3;10	15		1
217	17	13	11		62	7;8;2	15		1
218	17	14	12		67	3;10	15		1
219	17	15	13		72	7;9	15		1
220	17	16	14		76	4;8	15		1
221	17	17	15		80	3;10	15		1
222	18	1	16		2	9;8	12		1
223	18	2	17		7	1;10	12		1
224	18	3	18		12	4;8	12		1
225	18	4	1		17	7;9	12		1
226	18	5	2		22	3;8	12		1
227	18	6	3		27	5;2;4	12		1
228	18	7	4		32	6;10	12		1
229	18	8	5		37	10;8	12		1
230	18	9	6		42	10;4	12		1
231	18	10	7		47	2;9	12		1
232	18	11	8		52	9;8;6	12		1
233	18	12	9		57	3;10	12		1
234	18	13	10		62	7;8;7	12		1
235	18	14	11		67	3;10	12		1
236	18	15	12		72	7;9;9	12		1
237	18	16	13		76	4;8	12		1
238	18	17	14		80	3;10	12		1
239	19	1	15		2	9;8	16		1
240	19	2	16		7	1;10	16		1
241	19	3	17		12	4;8	16		1
242	19	4	18		17	7;9	16		1
243	19	5	1		22	3;8;10	16		1
244	19	6	2		27	5;2	16		1
245	19	7	3		32	6;10	16		1
246	19	8	4		37	10;8	16		1
247	19	9	5		42	10;4	16		1
248	19	10	6		47	2;9;8	16		1
249	19	11	7		52	9;8	16		1
250	19	12	8		57	3;10	16		1
251	19	13	9		62	7;8	16		1
252	19	14	10		67	3;10	16		1
253	19	15	11		72	7;9	16		1
254	19	16	12		76	4;8	16		1
255	19	17	13		80	3;10	16		1
256	20	1	14		2	9;8	16		1
257	20	2	15		7	1;10	16		1
258	20	3	16		12	4;8	16		1
259	20	4	17		17	7;9;8	16		1
260	20	5	18		22	3;8;10	16		1
261	20	6	1		27	5;2;3	16		1
262	20	7	2		32	6;10	16		1
263	20	8	3		37	10;8	16		1
264	20	9	4		42	10;4	16		1
265	20	10	5		47	2;9	16		1
266	20	11	6		52	9;8;5	16		1
267	20	12	7		57	3;10	16		1
268	20	13	8		62	7;8;2	16		1
269	20	14	9		67	3;10	16		1
270	20	15	10		72	7;9	16		1
271	20	16	11		76	4;8	16		1
272	20	17	12		80	3;10	16		1
273	22	1	13		2	9;8;9	16		1
274	22	2	14		7	1;10	16		1
275	22	3	15		12	4;8;3	16		1
276	22	4	16		17	7;9;9	16		1
277	22	5	17		22	3;8;10	16		1
278	22	6	18		27	5;2;9	16		1
279	22	7	1		32	6;10	16		1
280	22	8	2		37	10;8	16		1
281	22	9	3		42	10;4	16		1
282	22	10	4		47	2;9;7	16		1
283	22	11	5		52	9;8;4	16		1
284	22	12	6		57	3;10	16		1
285	22	13	7		62	7;8;4	16		1
286	22	14	8		67	3;10	16		1
287	22	15	9		72	7;9;1	16		1
288	22	16	10		76	4;8;2	16		1
289	22	17	11		80	3;10	16		1
290	21	2	1		7	10;10;8	11	4	1
291	21	3	2		11	5;4;8	11	4	1
292	21	4	3		15	10;5	11	4	1
293	21	5	4		19	7;9	11	4	1
294	21	6	5		23	3;8	11	4	1
295	21	7	6		27	5;2	11	4	1
296	21	8	7		31	6;10	11	4	1
297	21	9	8		35	10;8	11	4	1
298	21	10	9		39	10;4;1	11	4	1
299	21	11	10		43	10;4	11	4	1
300	21	12	11		47	5;5;8	11	4	1
301	21	13	12		51	10;2	11	4	1
302	21	14	13		55	7;9;4	11	4	1
303	21	15	14		59	3;8	11	4	1
304	21	16	15		63	5;2;4	11	4	1
305	21	17	16		67	6;10	11	4	1
306	21	18	17		71	10;8	11	4	1
307	21	19	18		75	10;4	11	4	1
308	21	20	1		79	5;5;8	11	4	1
309	21	21	2		83	10;2	11	4	1
310	21	22	3		87	7;9	11	4	1
311	21	23	4		91	3;8;9	11	4	1
312	21	24	5		95	5;2;9	10	4	1
313	21	25	6		99	6;10	10	4	1
314	21	26	7		103	10;8	10	4	1
315	21	27	8		107	10;4	10	4	1
316	21	28	9		111	5;4;9	10	4	1
317	21	29	10		115	9;9;6	10	4	1
318	21	30	11		119	8;7;2	10	4	1
319	21	31	12		123	3;5;9	10	4	1
320	21	32	13		127	10;9	10	4	1
321	21	33	14		129	7;9	10	3	1
322	21	34	15		131	4;8	10	3	1
323	21	35	16		133	3;10	10	3	1
324	21	36	17		135	4;8;3	10	3	1
325	21	37	18		137	7;9;9	10	3	1
326	21	38	1		139	3;8;10	10	3	1
327	21	39	2		141	5;2;9	10	3	1
328	21	40	3		143	6;10	10	3	1
329	21	41	4		145	7;9;1	10	3	1
330	21	42	5		147	4;8;2	10	3	1
331	21	43	6		149	5;6	10	3	1
332	21	44	7		151	1;4	10	3	1
333	21	45	8		153	2;7;7	10	3	1
334	21	46	9		155	5;3	10	3	1
335	21	47	10		157	8;2	10	3	1
336	21	48	11		159	10;2;8	10	3	1
337	21	49	12		161	10;4	10	3	1
338	21	50	13		163	2;9;7	10	3	1
339	21	51	14		165	3;8;9	10	3	1
340	21	52	15		167	6;8	10	3	1
341	21	53	16		169	3;8;10	10	3	1
342	21	54	17		171	10;6;10	10	4	1
343	21	55	18		173	5;5;8	10	3	1
344	21	56	1		175	10;2	10	3	1
345	21	57	2		177	7;4	10	3	1
346	21	58	3		179	3;8;9	10	3	1
347	21	59	4		181	5;2;9	10	3	1
348	21	60	5		183	5;3;8	10	3	1
349	21	61	6		185	10;8	10	3	1
350	21	62	7		187	7;9	10	3	1
351	21	63	8		189	1;4;8	10	3	1
352	21	64	9		191	2;5	10	3	1
353	21	65	10		193	6;3;9	10	3	1
354	21	66	11		195	3;8;9	10	3	1
355	21	67	12		197	5;5;8	10	3	1
356	21	68	13		199	10;2	10	3	1
357	21	69	14		201	7;9;4	10	3	1
358	21	70	15		203	6;10	10	3	1
359	21	71	16		205	8;7;2	10	3	1
360	21	72	17		207	3;5;9	10	3	1
361	21	73	18		209	2;9;7	10	3	1
362	21	74	1		211	6;8	10	3	1
363	21	75	2		213	7;4	10	3	1
364	21	76	3		215	3;8;10	10	3	1
365	21	77	4		217	10;6;10	10	3	1
366	21	78	5		219	1;4;8	10	3	1
367	21	79	6		221	2;5	10	3	1
368	21	80	7		223	4;8;2	10	3	1
369	21	81	8		225	5;6	10	3	1
370	21	82	9		227	1;4;8	10	3	1
371	21	83	10		229	3;10	10	3	1
372	21	84	11		231	7;9;1	10	3	1
373	21	85	12		233	4;8;2	10	3	1
374	21	86	13		235	2;7;7	10	3	1
375	21	87	14		237	9;8;4	10	3	1
376	21	88	15		239	3;10	10	3	1
377	21	89	16		241	7;8;4	10	3	1
378	21	90	17		243	5;6	10	3	1
379	43	1	1	2	2	11	20		1
380	43	2	2	3	10	11	20		1
381	43	3	3		18	11	20		1
382	23	1	4	3	2	12	20		1
383	23	2	5	2	8	11	20		1
384	23	3	6	1	14	12	20		1
385	23	4	7	4	20	12	20		1
386	23	5	8		26	11	20		1
387	23	6	9		32	12	20		1
388	24	1	10	3	2	20	20		1
389	24	2	11	2	7	12	20		1
390	24	3	12	4	12	20;12	20		1
391	24	4	13		17	11	20		1
392	24	5	14		22	20;12	20		1
393	24	6	15		27	20;11	20		1
394	24	7	16		32	12	20		1
395	24	8	17		37	20	20		1
396	24	9	18		42	20;12	20		1
397	24	10	1		47	11;12	20		1
398	26	1	2		2	20;12	20		1
399	26	2	3		6	12	20		1
400	26	3	4		10	20;11	20		1
401	26	4	5		14	20;12	20		1
402	26	5	6		18	20	20		1
403	26	6	7		22	20;12	20		1
404	26	7	8		26	20;11	20		1
405	26	8	9		30	20;11	20		1
406	26	9	10		34	20;12	20		1
407	26	10	11		38	20;12	20		1
408	26	11	12		42	20;12	20		1
409	26	12	13		46	20;12	20		1
410	27	1	14		2	20;15	20		1
411	27	2	15		6	20;12	20		1
412	27	3	16		12	20;11	20		1
413	27	4	17		14	15;12	20		1
414	27	5	18		18	20;12	20		1
415	27	6	1		22	15;11	20		1
416	27	7	2		26	20;12	20		1
417	27	8	3		30	20;15	20		1
418	27	9	4		34	20;12	20		1
419	27	10	5		38	15;12	20		1
420	27	11	6		44	20;11	20		1
421	27	12	7		47	15;12	20		1
422	28	1	8		3	20;12	20		1
423	28	2	9		7	20;15	20		1
424	28	3	10		11	20;11	20		1
425	28	4	11		15	20;12	20		1
426	28	5	12		19	20;15	20		1
427	28	6	13		23	20;11	20		1
428	28	7	14		27	20;12	20		1
429	28	8	15		31	20;15	20		1
430	28	9	16		35	20;12	20		1
431	28	10	17		39	15;11	20		1
432	28	11	18		43	20;12	20		1
433	28	12	1		47	20;15	20		1
434	28	13	2		51	20;11	20		1
435	28	14	3		55	12;15	20		1
436	29	1	4		3	20;20	20		1
437	29	2	5		7	15;12	20		1
438	29	3	6		11	20;20	20		1
439	29	4	7		15	15;11	20		1
440	29	5	8		19	20;12	20		1
441	29	6	9		23	20;15	20		1
442	29	7	10		27	20;12	20		1
443	29	8	11		31	20;15	20		1
444	29	9	12		35	15;12	20		1
445	29	10	13		39	20;15	20		1
446	29	11	14		43	15;12	20		1
447	29	12	15		47	20;15	20		1
448	29	13	16		51	12;15	20		1
449	29	14	17		55	20;15	20		1
450	29	15	18		58	15;11	20		1
451	29	16	1		61	20;15	20		1
452	29	17	2		64	20;20	20		1
453	29	18	3		68	15;12	20		1
454	30	1	4		3	15;14	20		1
455	30	2	5		8	20;20	20		1
456	30	3	6		13	14;15	20		1
457	30	4	7		18	20;15	20		1
458	30	5	8		23	20;14	20		1
459	30	6	9		28	15;15	20		1
460	30	7	10		33	20;12	20		1
461	30	8	11		38	20;15	20		1
462	30	9	12		43	15;14	20		1
463	30	10	13		48	20;20	20		1
464	30	11	14		53	20;14	20		1
465	30	12	15		58	15;15	20		1
466	30	13	16		63	20;12	20		1
467	30	14	17		68	15;14	20		1
468	25	1	14	3	3	15;14	20		1
469	25	2	15	2	6	14;20	20		1
470	25	3	16	1	10	15;13	20		1
471	25	4	17	4	14	20;15	20		1
472	25	5	18		18	20;14	20		1
473	25	6	1		22	15;15	20		1
474	25	7	2		26	15;12	20		1
475	25	8	3		30	20;15	20		1
476	25	9	4		34	15;13	20		1
477	25	10	5		38	20;20	20		1
478	25	11	6		42	12;15	20		1
479	25	12	7		46	20;15	20		1
480	25	13	8		50	20;13	20		1
481	25	14	9		54	15;15	20		1
482	31	1	10	2	2	19;14	20		1
483	31	2	11	4	5	15;13	20		1
484	31	3	12	3	9	19;15	20		1
485	31	4	13	1	13	20;14	20		1
486	31	5	14		17	19;20	20		1
487	31	6	15		21	15;14	20		1
488	31	7	16		25	19;14	20		1
489	31	8	17		29	20;20	20		1
490	31	9	18		33	15;12	20		1
491	31	10	1		37	19;14	20		1
492	31	11	2		41	20;14	20		1
493	31	12	3		45	19;20	20		1
494	31	13	4		49	15;15	20		1
495	31	14	5		53	20;14	20		1
496	31	15	6		55	19;13	20		1
497	32	1	7		2	15;13	18		1
498	32	2	8		6	20;19	18		1
499	32	3	9		10	14;15	18		1
500	32	4	10		14	20;19	18		1
501	32	5	11		18	15;12	18		1
502	32	6	12		22	19;13	18		1
503	32	7	13		26	20;20	18		1
504	32	8	14		30	15;14	18		1
505	32	9	15		34	19;12	18		1
506	32	10	16		38	15;15	18		1
507	32	11	17		42	20;12	18		1
508	32	12	18		46	19;14	18		1
509	32	13	1		50	15;15	18		1
510	32	14	2		54	19;13	18		1
511	32	15	3		58	20;11	18		1
512	33	1	4		2	20;15	18		1
513	33	2	5		6	14;13	18		1
514	33	3	6		10	19;19	18		1
515	33	4	7		14	16;12	18		1
516	33	5	8		18	16;20	18		1
517	33	6	9		22	13;19	18		1
518	33	7	10		26	16;12	18		1
519	33	8	11		30	16;20	18		1
520	33	9	12		34	14;15	18		1
521	33	10	13		38	14;19	18		1
522	33	11	14		42	11;12	18		1
523	33	12	15		46	13;16	18		1
524	33	13	16		50	19;20	18		1
525	33	14	17		54	14;15	18		1
526	33	15	18		58	19;16	18		1
527	33	16	1		62	14;20	18		1
528	34	1	2		2	16;20	17		1
529	34	2	3		6	13;15	17		1
530	34	3	4		10	14;19	17		1
531	34	4	5		14	16;12	17		1
532	34	5	6		18	16;20	17		1
533	34	6	7		22	13;19	17		1
534	34	7	8		26	15;19	17		1
535	34	8	9		30	11;14	17		1
536	34	9	10		34	14;20	17		1
537	34	10	11		38	16;19	17		1
538	34	11	12		42	15;13	17		1
539	34	12	13		46	12;19	17		1
540	34	13	14		50	15;20	17		1
541	34	14	15		54	19;13	17		1
542	34	15	16		58	20;14	17		1
543	34	16	17		62	16;19	17		1
544	34	17	18		66	12;20	17		1
545	35	1	1		2	11;17	16		1
546	35	2	2		6	13;20	16		1
547	35	3	3		10	14;17	16		1
548	35	4	4		14	11;19	16		1
549	35	5	5		18	19;15	16		1
550	35	6	6		22	12;15	16		1
551	35	7	7		26	20;16	16		1
552	35	8	8		30	19;20	16		1
553	35	9	9		34	11;15	16		1
554	35	10	10		38	13;19	16		1
555	35	11	11		42	19;17	16		1
556	35	12	12		46	14;20	16		1
557	35	13	13		50	13;18	16		1
558	35	14	14		54	14;20	16		1
559	35	15	15		58	19;16	16		1
560	35	16	16		62	12;19	16		1
561	35	17	17		66	13;17	16		1
562	36	1	18		2	19;18	16		1
563	36	2	1		7	11;20	16		1
564	36	3	2		12	14;18	16		1
565	36	4	3		17	17;19	16		1
566	36	5	4		22	13;18	16		1
567	36	6	5		27	15;12	16		1
568	36	7	6		32	16;20	16		1
569	36	8	7		37	20;18	16		1
570	36	9	8		42	20;14	16		1
571	36	10	9		47	12;19	16		1
572	36	11	10		52	19;18	16		1
573	36	12	11		57	13;20	16		1
574	36	13	12		62	17;18	16		1
575	36	14	13		67	13;20	16		1
576	36	15	14		72	17;19	16		1
577	36	16	15		76	14;18	16		1
578	36	17	16		80	13;20	16		1
579	37	1	17		2	19;18	15		1
580	37	2	18		7	11;20	15		1
581	37	3	1		12	14;18	15		1
582	37	4	2		17	17;19	15		1
583	37	5	3		22	13;18	15		1
584	37	6	4		27	15;12	15		1
585	37	7	5		32	16;20	15		1
586	37	8	6		37	20;18;15	15		1
587	37	9	7		42	20;14	15		1
588	37	10	8		47	12;19;19	15		1
589	37	11	9		52	19;18	15		1
590	37	12	10		57	13;20	15		1
591	37	13	11		62	17;18;12	15		1
592	37	14	12		67	13;20	15		1
593	37	15	13		72	17;19	15		1
594	37	16	14		76	14;18	15		1
595	37	17	15		80	13;20	15		1
596	38	1	16		2	19;18	12		1
597	38	2	17		7	11;20	12		1
598	38	3	18		12	14;18	12		1
599	38	4	1		17	17;19	12		1
600	38	5	2		22	13;18	12		1
601	38	6	3		27	15;12;14	12		1
602	38	7	4		32	16;20	12		1
603	38	8	5		37	20;18	12		1
604	38	9	6		42	20;14	12		1
605	38	10	7		47	12;19	12		1
606	38	11	8		52	19;18;16	12		1
607	38	12	9		57	13;20	12		1
608	38	13	10		62	17;18;17	12		1
609	38	14	11		67	13;20	12		1
610	38	15	12		72	17;19;19	12		1
611	38	16	13		76	14;18	12		1
612	38	17	14		80	13;20	12		1
613	39	1	15		2	19;18	16		1
614	39	2	16		7	11;20	16		1
615	39	3	17		12	14;18	16		1
616	39	4	18		17	17;19	16		1
617	39	5	1		22	13;18;20	16		1
618	39	6	2		27	15;12	16		1
619	39	7	3		32	16;20	16		1
620	39	8	4		37	20;18	16		1
621	39	9	5		42	20;14	16		1
622	39	10	6		47	12;19;18	16		1
623	39	11	7		52	19;18	16		1
624	39	12	8		57	13;20	16		1
625	39	13	9		62	17;18	16		1
626	39	14	10		67	13;20	16		1
627	39	15	11		72	17;19	16		1
628	39	16	12		76	14;18	16		1
629	39	17	13		80	13;20	16		1
630	40	1	14		2	19;18	16		1
631	40	2	15		7	11;20	16		1
632	40	3	16		12	14;18	16		1
633	40	4	17		17	17;19;18	16		1
634	40	5	18		22	13;18;20	16		1
635	40	6	1		27	15;12;13	16		1
636	40	7	2		32	16;20	16		1
637	40	8	3		37	20;18	16		1
638	40	9	4		42	20;14	16		1
639	40	10	5		47	12;19	16		1
640	40	11	6		52	19;18;15	16		1
641	40	12	7		57	13;20	16		1
642	40	13	8		62	17;18;12	16		1
643	40	14	9		67	13;20	16		1
644	40	15	10		72	17;19	16		1
645	40	16	11		76	14;18	16		1
646	40	17	12		80	13;20	16		1
647	42	1	13		2	19;18;19	16		1
648	42	2	14		7	11;20	16		1
649	42	3	15		12	14;18;13	16		1
650	42	4	16		17	17;19;19	16		1
651	42	5	17		22	13;18;20	16		1
652	42	6	18		27	15;12;19	16		1
653	42	7	1		32	16;20	16		1
654	42	8	2		37	20;18	16		1
655	42	9	3		42	20;14	16		1
656	42	10	4		47	12;19;17	16		1
657	42	11	5		52	19;18;14	16		1
658	42	12	6		57	13;20	16		1
659	42	13	7		62	17;18;14	16		1
660	42	14	8		67	13;20	16		1
661	42	15	9		72	17;19;11	16		1
662	42	16	10		76	14;18;13	16		1
663	42	17	11		80	13;20	16		1
664	41	2	1		7	20;20;18	11	4	1
665	41	3	2		11	15;14;18	11	4	1
666	41	4	3		15	20;14	11	4	1
667	41	5	4		19	16;19	11	4	1
668	41	6	5		23	13;18	11	4	1
669	41	7	6		27	15;12	11	4	1
670	41	8	7		31	16;20	11	4	1
671	41	9	8		35	20;18	11	4	1
672	41	10	9		39	20;14;11	11	4	1
673	41	11	10		43	20;13	11	4	1
674	41	12	11		47	15;15;18	11	4	1
675	41	13	12		51	20;12	11	4	1
676	41	14	13		55	17;19;14	11	4	1
677	41	15	14		59	13;18	11	4	1
678	41	16	15		63	15;12;14	11	4	1
679	41	17	16		67	16;20	11	4	1
680	41	18	17		71	20;18	11	4	1
681	41	19	18		75	20;14	11	4	1
682	41	20	1		79	15;15;18	11	4	1
683	41	21	2		83	20;12	11	4	1
684	41	22	3		87	17;19	11	4	1
685	41	23	4		91	13;18;19	11	4	1
686	41	24	5		95	15;12;19	10	4	1
687	41	25	6		99	16;20	10	4	1
688	41	26	7		103	20;18	10	4	1
689	41	27	8		107	20;14	10	4	1
690	41	28	9		111	15;14;19	10	4	1
691	41	29	10		115	19;19;16	10	4	1
692	41	30	11		119	18;17;12	10	4	1
693	41	31	12		123	13;15;19	10	4	1
694	41	32	13		127	20;19	10	4	1
695	41	33	14		129	17;19	10	3	1
696	41	34	15		131	14;18	10	3	1
697	41	35	16		133	13;20	10	3	1
698	41	36	17		135	14;18;13	10	3	1
699	41	37	18		137	17;19;19	10	3	1
700	41	38	1		139	13;18;20	10	3	1
701	41	39	2		141	15;12;19	10	3	1
702	41	40	3		143	16;20	10	3	1
703	41	41	4		145	17;19;11	10	3	1
704	41	42	5		147	14;18;12	10	3	1
705	41	43	6		149	15;16	10	3	1
706	41	44	7		151	11;14	10	3	1
707	41	45	8		153	12;17;17	10	3	1
708	41	46	9		155	15;13	10	3	1
709	41	47	10		157	18;12	10	3	1
710	41	48	11		159	20;12;18	10	3	1
711	41	49	12		161	20;14	10	3	1
712	41	50	13		163	12;19;17	10	3	1
713	41	51	14		165	13;18;19	10	3	1
714	41	52	15		167	16;18	10	3	1
715	41	53	16		169	13;18;20	10	3	1
716	41	54	17		171	20;16;20	10	4	1
717	41	55	18		173	15;15;18	10	3	1
718	41	56	1		175	20;12	10	3	1
719	41	57	2		177	17;14	10	3	1
720	41	58	3		179	13;18;19	10	3	1
721	41	59	4		181	15;12;19	10	3	1
722	41	60	5		183	15;13;18	10	3	1
723	41	61	6		185	20;18	10	3	1
724	41	62	7		187	17;19	10	3	1
725	41	63	8		189	11;14;18	10	3	1
726	41	64	9		191	12;15	10	3	1
727	41	65	10		193	16;13;19	10	3	1
728	41	66	11		195	13;18;19	10	3	1
729	41	67	12		197	15;15;18	10	3	1
730	41	68	13		199	20;12	10	3	1
731	41	69	14		201	17;19;14	10	3	1
732	41	70	15		203	16;20	10	3	1
733	41	71	16		205	18;17;12	10	3	1
734	41	72	17		207	13;15;19	10	3	1
735	41	73	18		209	12;19;17	10	3	1
736	41	74	1		211	16;18	10	3	1
737	41	75	2		213	17;14	10	3	1
738	41	76	3		215	13;18;20	10	3	1
739	41	77	4		217	20;16;20	10	3	1
740	41	78	5		219	11;14;18	10	3	1
741	41	79	6		221	12;15	10	3	1
742	41	80	7		223	14;18;12	10	3	1
743	41	81	8		225	15;16	10	3	1
744	41	82	9		227	11;14;18	10	3	1
745	41	83	10		229	13;20	10	3	1
746	41	84	11		231	17;19;11	10	3	1
747	41	85	12		233	14;18;12	10	3	1
748	41	86	13		235	12;17;17	10	3	1
749	41	87	14		237	19;18;14	10	3	1
750	41	88	15		239	13;20	10	3	1
751	41	89	16		241	17;18;14	10	3	1
752	41	90	17		243	15;16	10	3	1
753	44	1	1	2	2	21	20		1
754	44	2	2	3	10	21	20		1
755	44	3	3		18	21	20		1
756	45	1	4	3	2	22	20		1
757	45	2	5	2	8	21	20		1
758	45	3	6	1	14	22	20		1
759	45	4	7	4	20	22	20		1
760	45	5	8		26	21	20		1
761	45	6	9		32	22	20		1
762	46	1	10	3	2	30	20		1
763	46	2	11	2	7	22	20		1
764	46	3	12	4	12	30;22	20		1
765	46	4	13		17	21	20		1
766	46	5	14		22	30;22	20		1
767	46	6	15		27	30;21	20		1
768	46	7	16		32	22	20		1
769	46	8	17		37	30	20		1
770	46	9	18		42	30;22	20		1
771	46	10	1		47	21;22	20		1
772	47	1	2		2	30;22	20		1
773	47	2	3		6	22	20		1
774	47	3	4		10	30;21	20		1
775	47	4	5		14	30;22	20		1
776	47	5	6		18	30	20		1
777	47	6	7		22	30;22	20		1
778	47	7	8		26	30;21	20		1
779	47	8	9		30	30;21	20		1
780	47	9	10		34	30;22	20		1
781	47	10	11		38	30;22	20		1
782	47	11	12		42	30;22	20		1
783	47	12	13		46	30;22	20		1
784	48	1	14		2	30;25	20		1
785	48	2	15		6	30;22	20		1
786	48	3	16		12	30;21	20		1
787	48	4	17		14	25;22	20		1
788	48	5	18		18	30;22	20		1
789	48	6	1		22	25;21	20		1
790	48	7	2		26	30;22	20		1
791	48	8	3		30	30;25	20		1
792	48	9	4		34	30;22	20		1
793	48	10	5		38	25;22	20		1
794	48	11	6		44	30;21	20		1
795	48	12	7		47	25;22	20		1
796	49	1	8		3	30;22	20		1
797	49	2	9		7	30;25	20		1
798	49	3	10		11	30;21	20		1
799	49	4	11		15	30;22	20		1
800	49	5	12		19	30;25	20		1
801	49	6	13		23	30;21	20		1
802	49	7	14		27	30;22	20		1
803	49	8	15		31	30;25	20		1
804	49	9	16		35	30;22	20		1
805	49	10	17		39	25;21	20		1
806	49	11	18		43	30;22	20		1
807	49	12	1		47	30;25	20		1
808	49	13	2		51	30;21	20		1
809	49	14	3		55	22;25	20		1
810	50	1	4		3	30;30	20		1
811	50	2	5		7	25;22	20		1
812	50	3	6		11	30;30	20		1
813	50	4	7		15	25;21	20		1
814	50	5	8		19	30;22	20		1
815	50	6	9		23	30;25	20		1
816	50	7	10		27	30;22	20		1
817	50	8	11		31	30;25	20		1
818	50	9	12		35	25;22	20		1
819	50	10	13		39	30;25	20		1
820	50	11	14		43	25;22	20		1
821	50	12	15		47	30;25	20		1
822	50	13	16		51	22;25	20		1
823	50	14	17		55	30;25	20		1
824	50	15	18		58	25;21	20		1
825	50	16	1		61	30;25	20		1
826	50	17	2		64	30;30	20		1
827	50	18	3		68	25;22	20		1
828	51	1	4		3	25;24	20		1
829	51	2	5		8	30;30	20		1
830	51	3	6		13	24;25	20		1
831	51	4	7		18	30;25	20		1
832	51	5	8		23	30;24	20		1
833	51	6	9		28	25;25	20		1
834	51	7	10		33	30;22	20		1
835	51	8	11		38	30;25	20		1
836	51	9	12		43	25;24	20		1
837	51	10	13		48	30;30	20		1
838	51	11	14		53	30;24	20		1
839	51	12	15		58	25;25	20		1
840	51	13	16		63	30;22	20		1
841	51	14	17		68	25;24	20		1
842	52	1	14	2	3	25;24	20		1
843	52	2	15	3	6	24;30	20		1
844	52	3	16	4	10	25;23	20		1
845	52	4	17	1	14	30;25	20		1
846	52	5	18		18	30;24	20		1
847	52	6	1		22	25;25	20		1
848	52	7	2		26	25;22	20		1
849	52	8	3		30	30;25	20		1
850	52	9	4		34	25;23	20		1
851	52	10	5		38	30;30	20		1
852	52	11	6		42	22;25	20		1
853	52	12	7		46	30;25	20		1
854	52	13	8		50	30;23	20		1
855	52	14	9		54	25;25	20		1
856	53	1	10	3	2	29;24	20		1
857	53	2	11	1	5	25;23	20		1
858	53	3	12	2	9	29;25	20		1
859	53	4	13	4	13	30;24	20		1
860	53	5	14		17	29;30	20		1
861	53	6	15		21	25;24	20		1
862	53	7	16		25	29;24	20		1
863	53	8	17		29	30;30	20		1
864	53	9	18		33	25;22	20		1
865	53	10	1		37	29;24	20		1
866	53	11	2		41	30;24	20		1
867	53	12	3		45	29;30	20		1
868	53	13	4		49	25;25	20		1
869	53	14	5		53	30;24	20		1
870	53	15	6		55	29;23	20		1
871	54	1	7	2	2	25;23	18		1
872	54	2	8	3	6	30;29	18		1
873	54	3	9	1	10	24;25	18		1
874	54	4	10	4	14	30;29	18		1
875	54	5	11		18	25;22	18		1
876	54	6	12		22	29;23	18		1
877	54	7	13		26	30;30	18		1
878	54	8	14		30	25;24	18		1
879	54	9	15		34	29;22	18		1
880	54	10	16		38	25;25	18		1
881	54	11	17		42	30;22	18		1
882	54	12	18		46	29;24	18		1
883	54	13	1	2	50	25;25	18		1
884	54	14	2	3	54	29;23	18		1
885	54	15	3	1	58	30;21	18		1
886	55	1	4	4	2	30;25	18		1
887	55	2	5		6	24;23	18		1
888	55	3	6		10	29;29	18		1
889	55	4	7		14	26;22	18		1
890	55	5	8		18	26;30	18		1
891	55	6	9		22	23;29	18		1
892	55	7	10		26	26;22	18		1
893	55	8	11		30	26;30	18		1
894	55	9	12		34	24;25	18		1
895	55	10	13		38	24;29	18		1
896	55	11	14		42	21;22	18		1
897	55	12	15		46	23;26	18		1
898	55	13	16		50	29;30	18		1
899	55	14	17		54	24;25	18		1
900	55	15	18		58	29;26	18		1
901	55	16	1	4	62	24;30	18		1
902	56	1	2	3	2	26;30	17		1
903	56	2	3	2	6	23;25	17		1
904	56	3	4	1	10	24;29	17		1
905	56	4	5		14	26;22	17		1
906	56	5	6		18	26;30	17		1
907	56	6	7		22	23;29	17		1
908	56	7	8		26	25;29	17		1
909	56	8	9		30	21;24	17		1
910	56	9	10		34	24;30	17		1
911	56	10	11		38	26;29	17		1
912	56	11	12		42	25;23	17		1
913	56	12	13		46	22;29	17		1
914	56	13	14		50	25;30	17		1
915	56	14	15		54	29;23	17		1
916	56	15	16		58	30;24	17		1
917	56	16	17		62	26;29	17		1
918	56	17	18		66	22;30	17		1
919	57	1	1	3	2	21;27	16		1
920	57	2	2	2	6	23;30	16		1
921	57	3	3	1	10	24;27	16		1
922	57	4	4	4	14	21;29	16		1
923	57	5	5		18	29;25	16		1
924	57	6	6		22	22;25	16		1
925	57	7	7		26	30;26	16		1
926	57	8	8		30	29;30	16		1
927	57	9	9		34	21;25	16		1
928	57	10	10		38	23;29	16		1
929	57	11	11		42	29;27	16		1
930	57	12	12		46	24;30	16		1
931	57	13	13		50	23;28	16		1
932	57	14	14		54	24;30	16		1
933	57	15	15		58	29;26	16		1
934	57	16	16		62	22;29	16		1
935	57	17	17		66	23;27	16		1
936	58	1	18		2	29;28	16		1
937	58	2	1		7	21;30	16		1
938	58	3	2		12	24;28	16		1
939	58	4	3		17	27;29	16		1
940	58	5	4		22	23;28	16		1
941	58	6	5		27	25;22	16		1
942	58	7	6		32	26;30	16		1
943	58	8	7		37	30;28	16		1
944	58	9	8		42	30;24	16		1
945	58	10	9		47	22;29	16		1
946	58	11	10		52	29;28	16		1
947	58	12	11		57	23;30	16		1
948	58	13	12		62	27;28	16		1
949	58	14	13		67	23;30	16		1
950	58	15	14		72	27;29	16		1
951	58	16	15		76	24;28	16		1
952	58	17	16		80	23;30	16		1
953	59	1	17		2	29;28	15		1
954	59	2	18		7	21;30	15		1
955	59	3	1		12	24;28	15		1
956	59	4	2		17	27;29	15		1
957	59	5	3		22	23;28	15		1
958	59	6	4		27	25;22	15		1
959	59	7	5		32	26;30	15		1
960	59	8	6		37	30;28;25	15		1
961	59	9	7		42	30;24	15		1
962	59	10	8		47	22;29;29	15		1
963	59	11	9		52	29;28	15		1
964	59	12	10		57	23;30	15		1
965	59	13	11		62	27;28;22	15		1
966	59	14	12		67	23;30	15		1
967	59	15	13		72	27;29	15		1
968	59	16	14		76	24;28	15		1
969	59	17	15		80	23;30	15		1
970	60	1	16		2	29;28	12		1
971	60	2	17		7	21;30	12		1
972	60	3	18		12	24;28	12		1
973	60	4	1		17	27;29	12		1
974	60	5	2		22	23;28	12		1
975	60	6	3		27	25;22;24	12		1
976	60	7	4		32	26;30	12		1
977	60	8	5		37	30;28	12		1
978	60	9	6		42	30;24	12		1
979	60	10	7		47	22;29	12		1
980	60	11	8		52	29;28;26	12		1
981	60	12	9		57	23;30	12		1
982	60	13	10		62	27;28;27	12		1
983	60	14	11		67	23;30	12		1
984	60	15	12		72	27;29;29	12		1
985	60	16	13		76	24;28	12		1
986	60	17	14		80	23;30	12		1
987	61	1	15		2	29;28	16		1
988	61	2	16		7	21;30	16		1
989	61	3	17		12	24;28	16		1
990	61	4	18		17	27;29	16		1
991	61	5	1		22	23;28;30	16		1
992	61	6	2		27	25;22	16		1
993	61	7	3		32	26;30	16		1
994	61	8	4		37	30;28	16		1
995	61	9	5		42	30;24	16		1
996	61	10	6		47	22;29;28	16		1
997	61	11	7		52	29;28	16		1
998	61	12	8		57	23;30	16		1
999	61	13	9		62	27;28	16		1
1000	61	14	10		67	23;30	16		1
1001	61	15	11		72	27;29	16		1
1002	61	16	12		76	24;28	16		1
1003	61	17	13		80	23;30	16		1
1004	62	1	14		2	29;28	16		1
1005	62	2	15		7	21;30	16		1
1006	62	3	16		12	24;28	16		1
1007	62	4	17		17	27;29;28	16		1
1008	62	5	18		22	23;28;30	16		1
1009	62	6	1		27	25;22;23	16		1
1010	62	7	2		32	26;30	16		1
1011	62	8	3		37	30;28	16		1
1012	62	9	4		42	30;24	16		1
1013	62	10	5		47	22;29	16		1
1014	62	11	6		52	29;28;25	16		1
1015	62	12	7		57	23;30	16		1
1016	62	13	8		62	27;28;22	16		1
1017	62	14	9		67	23;30	16		1
1018	62	15	10		72	27;29	16		1
1019	62	16	11		76	24;28	16		1
1020	62	17	12		80	23;30	16		1
1021	63	1	13		2	29;28;29	16		1
1022	63	2	14		7	21;30	16		1
1023	63	3	15		12	24;28;23	16		1
1024	63	4	16		17	27;29;29	16		1
1025	63	5	17		22	23;28;30	16		1
1026	63	6	18		27	25;22;29	16		1
1027	63	7	1		32	26;30	16		1
1028	63	8	2		37	30;28	16		1
1029	63	9	3		42	30;24	16		1
1030	63	10	4		47	22;29;27	16		1
1031	63	11	5		52	29;28;24	16		1
1032	63	12	6		57	23;30	16		1
1033	63	13	7		62	27;28;24	16		1
1034	63	14	8		67	23;30	16		1
1035	63	15	9		72	27;29;21	16		1
1036	63	16	10		76	24;28;23	16		1
1037	63	17	11		80	23;30	16		1
1038	64	2	1		7	30;30;28	11	4	1
1039	64	3	2		11	25;24;28	11	4	1
1040	64	4	3		15	30;24	11	4	1
1041	64	5	4		19	26;29	11	4	1
1042	64	6	5		23	23;28	11	4	1
1043	64	7	6		27	25;22	11	4	1
1044	64	8	7		31	26;30	11	4	1
1045	64	9	8		35	30;28	11	4	1
1046	64	10	9		39	30;24;21	11	4	1
1047	64	11	10		43	30;23	11	4	1
1048	64	12	11		47	25;25;28	11	4	1
1049	64	13	12		51	30;22	11	4	1
1050	64	14	13		55	27;29;24	11	4	1
1051	64	15	14		59	23;28	11	4	1
1052	64	16	15		63	25;22;24	11	4	1
1053	64	17	16		67	26;30	11	4	1
1054	64	18	17		71	30;28	11	4	1
1055	64	19	18		75	30;24	11	4	1
1056	64	20	1		79	25;25;28	11	4	1
1057	64	21	2		83	30;22	11	4	1
1058	64	22	3		87	27;29	11	4	1
1059	64	23	4		91	23;28;29	11	4	1
1060	64	24	5		95	25;22;29	10	4	1
1061	64	25	6		99	26;30	10	4	1
1062	64	26	7		103	30;28	10	4	1
1063	64	27	8		107	30;24	10	4	1
1064	64	28	9		111	25;24;29	10	4	1
1065	64	29	10		115	29;29;26	10	4	1
1066	64	30	11		119	28;27;22	10	4	1
1067	64	31	12		123	23;25;29	10	4	1
1068	64	32	13		127	30;29	10	4	1
1069	64	33	14		129	27;29	10	3	1
1070	64	34	15		131	24;28	10	3	1
1071	64	35	16		133	23;30	10	3	1
1072	64	36	17		135	24;28;23	10	3	1
1073	64	37	18		137	27;29;29	10	3	1
1074	64	38	1		139	23;28;30	10	3	1
1075	64	39	2		141	25;22;29	10	3	1
1076	64	40	3		143	26;30	10	3	1
1077	64	41	4		145	27;29;21	10	3	1
1078	64	42	5		147	24;28;22	10	3	1
1079	64	43	6		149	25;26	10	3	1
1080	64	44	7		151	21;24	10	3	1
1081	64	45	8		153	22;27;27	10	3	1
1082	64	46	9		155	25;23	10	3	1
1083	64	47	10		157	28;22	10	3	1
1084	64	48	11		159	30;22;28	10	3	1
1085	64	49	12		161	30;24	10	3	1
1086	64	50	13		163	22;29;27	10	3	1
1087	64	51	14		165	23;28;29	10	3	1
1088	64	52	15		167	26;28	10	3	1
1089	64	53	16		169	23;28;30	10	3	1
1090	64	54	17		171	30;26;30	10	4	1
1091	64	55	18		173	25;25;28	10	3	1
1092	64	56	1		175	30;22	10	3	1
1093	64	57	2		177	27;24	10	3	1
1094	64	58	3		179	23;28;29	10	3	1
1095	64	59	4		181	25;22;29	10	3	1
1096	64	60	5		183	25;23;28	10	3	1
1097	64	61	6		185	30;28	10	3	1
1098	64	62	7		187	27;29	10	3	1
1099	64	63	8		189	21;24;28	10	3	1
1100	64	64	9		191	22;25	10	3	1
1101	64	65	10		193	26;23;29	10	3	1
1102	64	66	11		195	23;28;29	10	3	1
1103	64	67	12		197	25;25;28	10	3	1
1104	64	68	13		199	30;22	10	3	1
1105	64	69	14		201	27;29;24	10	3	1
1106	64	70	15		203	26;30	10	3	1
1107	64	71	16		205	28;27;22	10	3	1
1108	64	72	17		207	23;25;29	10	3	1
1109	64	73	18		209	22;29;27	10	3	1
1110	64	74	1		211	26;28	10	3	1
1111	64	75	2		213	27;24	10	3	1
1112	64	76	3		215	23;28;30	10	3	1
1113	64	77	4		217	30;26;30	10	3	1
1114	64	78	5		219	21;24;28	10	3	1
1115	64	79	6		221	22;25	10	3	1
1116	64	80	7		223	24;28;22	10	3	1
1117	64	81	8		225	25;26	10	3	1
1118	64	82	9		227	21;24;28	10	3	1
1119	64	83	10		229	23;30	10	3	1
1120	64	84	11		231	27;29;21	10	3	1
1121	64	85	12		233	24;28;22	10	3	1
1122	64	86	13		235	22;27;27	10	3	1
1123	64	87	14		237	29;28;24	10	3	1
1124	64	88	15		239	23;30	10	3	1
1125	64	89	16		241	27;28;24	10	3	1
1126	64	90	17		243	25;26	10	3	1