questKey	id	status
string	string	int
1010101	31010114	1
1010102	31010121	1
1010103	31010125	1
1020101	31020106	1
1020102	31020111	1
1020103	31020113	1
1020104	31020120	1
1030101	31030112	1
1030102	31030113	1
1030103	31030114	1
1030104	31030115	1
1040101	31040116	1
1040102	31040117	1
1040103	31040118	1
1040104	31040107	1
1050101	31050102	1
1050102	31050105	1
1050103	31050109	1
1050104	31050112	1
1050105	31050113	1
1060101	31060104	1
1060102	31060109	1
1060103	31060110	1
1070101	31070106	1
1070102	31070110	1
1070103	31070113	1
1070104	31070114	1
1080101	31080110	1
1080102	31080112	1
1080103	31080115	1
1080104	31080119	1
1090101	31090106	1
1090102	31090112	1
1090103	31090118	1
1110101	31110103	1
1110102	31110105	1
1110103	31110106	1
1120101	31120103	1
1120102	31120105	1
1120103	31120106	1
1080201	31080211	1
1080202	31080214	1
1080203	31080219	1
