questKey	id	status
string	string	int
10101	31010101,31010102,31010103,31010104,31010105,31010106,31010107,31010108,31010109,31010110,31010111,31010112,31010113,31010114,31010115,31010116,31010117,31010118,31010119,31010120,31010121,31010122,31010123,31010124,31010125,31010126,31010127,31010128	1
10201	31020101,31020102,31020103,31020104,31020105,31020106,31020107,31020108,31020109,31020110,31020111,31020112,31020113,31020114,31020115,31020116,31020117,31020118,31020119,31020120	1
10301	31030101,31030102,31030103,31030104,31030105,31030106,31030107,31030108,31030109,31030110,31030111,31030112,31030113,31030114,31030115	1
10401	31040101,31040102,31040103,31040104,31040105,31040106,31040107,31040108,31040109,31040110,31040111,31040112,31040113,31040114,31040115,31040116,31040117,31040118,31040119,31040120,31040121,31040122,31040123	1
10501	31050101,31050102,31050103,31050104,31050105,31050106,31050107,31050108,31050109,31050110,31050111,31050112,31050113,31050114	1
10601	31060101,31060102,31060103,31060104,31060105,31060106,31060107,31060108,31060109,31060110	1
10701	31070101,31070102,31070103,31070104,31070105,31070106,31070107,31070108,31070109,31070110,31070111,31070112,31070113,31070114	1
10801	31080101,31080102,31080103,31080104,31080105,31080106,31080107,31080108,31080109,31080110,31080111,31080112,31080113,31080114,31080115,31080116,31080117,31080118,31080119	1
10901	31090101,31090102,31090103,31090104,31090105,31090106,31090107,31090108,31090109,31090110,31090111,31090112,31090113,31090114,31090115,31090116,31090117,31090118	1
10110	31110101,31110102,31110103,31110104,31110105,31110106,31120101,31120102,31120103,31120104,31120105,31120106	1
10802	31080201,31080202,31080203,31080204,31080205,31080206,31080207,31080208,31080209,31080210,31080211,31080212,31080213,31080214,31080215,31080216,31080217,31080218,31080219	1
